11,0.4624942795220941 ,0.06206537279537649 ,0.21541662774702786 ,8.618712235514581E-5 ,0.12152610987369612 ,0.01578564013933754 ,0.03523007662611091 ,0.0767495089147882 ,0.010209635510635454 ,4.3656174857816844E-4
1754,2.9421541255674578E-6 ,0.0017965829234163379 ,3.1629742035871045E-6 ,2.931249188537972E-6 ,4.291646810968534E-6 ,2.2801454061595896E-6 ,2.3426926130245617E-6 ,0.02719945644020045 ,4.248100042667285E-6 ,0.9709817616739926
424,2.1337596695657917E-4 ,0.7906347881499138 ,0.1100289792484036 ,1.2875093991605518E-4 ,3.9916896623016205E-5 ,1.2277268227243066E-5 ,3.9771780257019405E-5 ,3.4208614411979656E-5 ,4.878423408461708E-5 ,0.09881914690120608
420,0.0011693274279990192 ,0.5074655445253193 ,0.09748445402684812 ,0.025516189088416123 ,0.010626524972918003 ,0.2281417474670628 ,3.5078636749414396E-4 ,0.1287766976532773 ,6.67470107458524E-5 ,4.0198145991930824E-4
1940,1.3865308565494942E-4 ,0.8123839644327645 ,8.635906471619413E-5 ,0.18689503122274567 ,6.852288903520912E-5 ,1.4159126075093448E-4 ,1.0731763527517973E-4 ,7.418457977132125E-5 ,4.847315641820228E-6 ,9.9528513644215E-5
414,0.2535651995462323 ,5.035830777498585E-5 ,4.6785663541697425E-4 ,4.4203125931133473E-4 ,9.229943750668998E-5 ,0.0010479600688211603 ,7.44679293591706E-4 ,4.5643053878298255E-4 ,2.51814911713613E-4 ,0.7428813700008483
398,0.8303342987970533 ,0.16741249666296426 ,3.6859479362450707E-4 ,3.06456882595195E-5 ,5.69411742625639E-4 ,5.9265184653143134E-5 ,2.47080381003124E-5 ,3.4817315523957127E-4 ,5.663288543059715E-6 ,8.467426489365171E-4
1654,4.1779549982759706E-4 ,0.800240976276593 ,0.1946675071316261 ,9.171745941796749E-6 ,6.5402499081701E-5 ,0.003029749140100402 ,2.9347797985509316E-4 ,5.579387154090263E-4 ,5.370506002905918E-4 ,1.809304112748302E-4
1019,1.1011432122759893E-4 ,0.830799180774652 ,1.7008428147366058E-5 ,1.6764208755222078E-4 ,9.622352551720694E-5 ,0.14052367729609075 ,1.01167608284984E-4 ,5.545709552122077E-4 ,9.891585895131605E-5 ,0.027531499144364358
926,4.27997030709031E-5 ,0.9993551651036017 ,4.898690035056301E-5 ,7.013474136640132E-6 ,1.5431533131986422E-5 ,3.077193666057679E-4 ,7.006460735705467E-6 ,1.5725522601434144E-4 ,1.18436404734782E-5 ,4.6778591878992024E-5
952,0.001865298297984554 ,0.025356439003813926 ,2.5294178868546584E-5 ,6.31744748430727E-6 ,1.022304680721329E-5 ,0.004716709549669297 ,1.5600266805445537E-4 ,0.003989884771822507 ,1.2611541906560607E-5 ,0.9638612194935886
1267,1.1660394958776516E-4 ,0.9991133619254856 ,1.1485909631253006E-4 ,3.652603151832932E-5 ,1.8304695315450148E-4 ,4.609254930363612E-5 ,2.0333666136250397E-4 ,6.768025893603662E-5 ,8.405743159974685E-6 ,1.1008683117931131E-4
1730,3.2534578269280775E-4 ,0.4953548685941207 ,1.812848206157332E-4 ,7.267774730560699E-5 ,0.5015859917345867 ,7.06998114671106E-4 ,1.1746347340253997E-4 ,0.001268664843277426 ,2.7176603839721814E-5 ,3.595282854875778E-4
1240,2.077535276590532E-4 ,0.9988325666718995 ,8.043225635514695E-5 ,3.1474719848609544E-4 ,7.159530349989315E-5 ,1.6446058900656323E-4 ,1.0687483044966598E-4 ,3.740490457118388E-5 ,2.8751045644430872E-5 ,1.554136724284567E-4
427,0.16474806361932567 ,0.2392106052240216 ,0.16864539845724538 ,4.915163544376885E-4 ,0.14520547266405817 ,0.11300362682771643 ,0.0164478209924202 ,0.13544728721241228 ,0.0034111716347460237 ,0.013389037013616524
889,3.7944306423342674E-5 ,2.0663283915263437E-4 ,2.5053693384044258E-6 ,2.030528199378267E-4 ,1.1862881685382118E-6 ,1.389339866519488E-4 ,1.4184079492705148E-6 ,3.1480358751361296E-4 ,1.1870251345285258E-6 ,0.9990923353697299
1575,3.7944306423342674E-5 ,2.0663283915263437E-4 ,2.5053693384044258E-6 ,2.030528199378267E-4 ,1.1862881685382118E-6 ,1.389339866519488E-4 ,1.4184079492705148E-6 ,3.1480358751361296E-4 ,1.1870251345285258E-6 ,0.9990923353697299
1482,3.2444409094774657E-7 ,1.522310285536838E-4 ,3.9424431849507075E-7 ,3.711570078316182E-7 ,5.179223719538227E-7 ,2.8752248647721613E-7 ,2.9567270644227716E-7 ,4.028049664543369E-4 ,5.048712259191844E-7 ,0.9994422681707839
1544,1.980379968507746E-6 ,5.573730816479838E-5 ,6.5099993883594E-7 ,7.509782090033673E-7 ,1.052139281715447E-6 ,1.3182899444141512E-5 ,9.0857634493089E-7 ,1.3700672476754192E-4 ,7.998784495765319E-7 ,0.9997879301154309
453,0.0757637463157544 ,3.620235397685051E-4 ,2.4027346246513376E-5 ,1.287958837664553E-4 ,1.1326143572568177E-4 ,4.3388611886584036E-5 ,2.896319136180835E-4 ,5.0735605593521336E-5 ,2.4287753865191646E-4 ,0.9229815118089882
454,3.2444409094774657E-7 ,1.522310285536838E-4 ,3.9424431849507075E-7 ,3.711570078316182E-7 ,5.179223719538227E-7 ,2.8752248647721613E-7 ,2.9567270644227716E-7 ,4.028049664543369E-4 ,5.048712259191844E-7 ,0.9994422681707839
875,3.49930190906268E-4 ,0.05959172078269504 ,7.037616247893161E-5 ,3.242082044896028E-5 ,2.9148443237626943E-5 ,3.222288126989149E-5 ,3.407346697363898E-5 ,3.040265414664614E-4 ,6.275336271226034E-4 ,0.9389285470834007
344,3.2444409094774657E-7 ,1.522310285536838E-4 ,3.9424431849507075E-7 ,3.711570078316182E-7 ,5.179223719538227E-7 ,2.8752248647721613E-7 ,2.9567270644227716E-7 ,4.028049664543369E-4 ,5.048712259191844E-7 ,0.9994422681707839
1430,3.895681131209338E-7 ,5.498014418056154E-5 ,8.130964855517621E-5 ,5.54836755608133E-7 ,6.36240862747003E-7 ,4.0754832211341625E-7 ,4.081569587193293E-7 ,1.3677694922128262E-4 ,6.507807093655387E-7 ,0.9997238861263213
1543,1.285752303546351E-4 ,0.7766735352486149 ,1.8911473035450517E-5 ,1.7865734300161507E-4 ,1.0806951659251276E-4 ,0.14880299603306144 ,1.1419133002297336E-4 ,0.04480786174096873 ,1.0864863154246995E-4 ,0.029058553452805124
1447,4.546122245086704E-5 ,1.5411355301093256E-4 ,1.4600361374228034E-6 ,1.3768815529608885E-6 ,1.6768771005052686E-6 ,1.0777309833586256E-6 ,1.1061231788497933E-6 ,8.734076582773817E-4 ,2.816019903259962E-6 ,0.9989175038974045
1492,4.598549833470524E-5 ,1.5513673322596787E-4 ,2.262097277297547E-6 ,2.1072447423536157E-6 ,2.5041256324111342E-6 ,1.6364808542369032E-6 ,1.6600023704203703E-6 ,8.863392300710841E-4 ,3.679576527983759E-6 ,0.9988986890109637
1672,4.4136326176778384E-4 ,0.0015368887479938803 ,4.8150159575524855E-6 ,4.124390452147405E-6 ,5.846446259534168E-6 ,3.3950162716596607E-6 ,3.737748660543301E-6 ,0.019568819520121378 ,1.6595299290107427E-5 ,0.9784144145532254
164,0.12182744459275008 ,0.7311310020214368 ,1.9208688532338024E-5 ,3.462897213273956E-6 ,3.944373237067973E-6 ,3.471201739024294E-4 ,5.034620169033673E-6 ,0.14035526471302953 ,5.615033176992616E-4 ,0.005746014602030164
1431,4.4136326176778384E-4 ,0.0015368887479938803 ,4.8150159575524855E-6 ,4.124390452147405E-6 ,5.846446259534168E-6 ,3.3950162716596607E-6 ,3.737748660543301E-6 ,0.019568819520121378 ,1.6595299290107427E-5 ,0.9784144145532254
948,4.4136326176778384E-4 ,0.0015368887479938803 ,4.8150159575524855E-6 ,4.124390452147405E-6 ,5.846446259534168E-6 ,3.3950162716596607E-6 ,3.737748660543301E-6 ,0.019568819520121378 ,1.6595299290107427E-5 ,0.9784144145532254
680,4.1234005986319223E-4 ,0.0013156585589929044 ,7.500468364298001E-5 ,1.0429189030661529E-4 ,7.689872194588724E-4 ,0.12275253938904213 ,0.0012825316071911155 ,6.569074395818397E-4 ,8.510348349175542E-4 ,0.8717807043170027
1710,4.4136326176778384E-4 ,0.0015368887479938803 ,4.8150159575524855E-6 ,4.124390452147405E-6 ,5.846446259534168E-6 ,3.3950162716596607E-6 ,3.737748660543301E-6 ,0.019568819520121378 ,1.6595299290107427E-5 ,0.9784144145532254
1432,0.0010967729954739366 ,0.3423755572328938 ,3.840496592263686E-4 ,1.8938583742654343E-5 ,7.579696434586114E-5 ,2.061569397084151E-4 ,5.674558573357299E-5 ,0.6546847786062856 ,4.3582208209766164E-5 ,0.0010576212243799846
389,2.0051706492169388E-4 ,6.327687123380502E-4 ,3.47260162601023E-4 ,2.1178253730422867E-6 ,3.938706082149952E-4 ,3.1363767895570306E-6 ,5.553055998560915E-6 ,0.997412274070205 ,2.0216865407958115E-4 ,8.003334694785074E-4
815,1.4479345558209076E-4 ,0.0014151187874039991 ,1.5531322977937337E-5 ,4.4353935140468205E-6 ,7.756437206914861E-5 ,0.09312059319457071 ,9.31356512669208E-6 ,4.6688852833875447E-4 ,2.2871105465768537E-4 ,0.9045170503257588
773,4.4136326176778384E-4 ,0.0015368887479938803 ,4.8150159575524855E-6 ,4.124390452147405E-6 ,5.846446259534168E-6 ,3.3950162716596607E-6 ,3.737748660543301E-6 ,0.019568819520121378 ,1.6595299290107427E-5 ,0.9784144145532254
1773,4.4136326176778384E-4 ,0.0015368887479938803 ,4.8150159575524855E-6 ,4.124390452147405E-6 ,5.846446259534168E-6 ,3.3950162716596607E-6 ,3.737748660543301E-6 ,0.019568819520121378 ,1.6595299290107427E-5 ,0.9784144145532254
830,0.2766573909051606 ,0.0012116366277225077 ,1.380754568473089E-4 ,2.5443302685112016E-4 ,1.8543703394978961E-4 ,2.4020253914960562E-4 ,1.3974892731499438E-4 ,1.471873292988604E-4 ,0.2930734505440405 ,0.4279524376096646
933,0.04768208308942506 ,3.250314857190709E-4 ,2.005766632581595E-4 ,8.642018413361688E-6 ,1.1671977812176661E-4 ,6.47754256451811E-5 ,3.190936717952887E-5 ,9.351235684777266E-4 ,0.49508695777935074 ,0.4555481808244094
1296,2.7181512166822667E-4 ,4.2709813150975344E-4 ,3.7455277133929025E-5 ,2.3723341535704194E-5 ,1.152649610946151E-6 ,3.304454415553718E-5 ,6.401391258291689E-7 ,0.9980238059352512 ,9.714845161932481E-4 ,2.0978034381554397E-4
1009,2.0473121647407583E-5 ,5.713419788742177E-5 ,1.4071098317903163E-6 ,1.3818015548888234E-5 ,5.650935192047021E-7 ,2.0351741759005518E-5 ,3.869966111614331E-7 ,0.9997598066635952 ,9.046012120109777E-7 ,1.2515245838791485E-4
1433,6.732579888466098E-5 ,3.390874733868359E-5 ,2.154658852526643E-5 ,3.187368521893884E-5 ,2.255768885932682E-5 ,3.386036864679507E-5 ,4.939146275796928E-5 ,0.9996283863537023 ,8.197221043824038E-7 ,1.1032958396158522E-4
358,5.083713212884301E-7 ,8.872119087766425E-5 ,6.508338646091894E-7 ,7.51302247947767E-7 ,9.384145247893982E-6 ,5.331632404311589E-7 ,7.469209226004723E-6 ,0.9996003913357697 ,9.76468048935382E-7 ,2.906139801555334E-4
939,5.194125805785874E-4 ,7.459018087273649E-4 ,0.10250460713033602 ,2.3192372600862354E-6 ,1.2383877501722228E-4 ,5.629006837062502E-4 ,0.0011478365215817257 ,0.26347380734666587 ,0.6303830452128149 ,5.36330703311952E-4
1897,5.074966384798323E-7 ,1.5676906372977348E-4 ,5.090926998321555E-7 ,6.169854939572731E-7 ,6.455926800692637E-7 ,3.867374868880894E-7 ,4.2010394878843975E-7 ,0.9982486831578623 ,2.2888462829195135E-6 ,0.001589172923176983
665,0.19323827270794675 ,3.0658045253290004E-5 ,3.350548767515313E-4 ,3.2476545508802084E-4 ,6.907114080152359E-5 ,6.536957525418608E-4 ,4.436594196626785E-4 ,6.328522264726161E-4 ,2.0243664712403823E-4 ,0.8040695337283577
1164,0.7448329502826649 ,0.08394619670505098 ,3.1457722585158556E-4 ,2.654009341685662E-5 ,4.868317540969383E-4 ,4.87428939189564E-5 ,5.08707865149833E-5 ,7.716470460355384E-4 ,9.49033972533126E-6 ,0.16951215287272395
1663,3.692492042091601E-4 ,0.6636185015810451 ,0.16635200964574987 ,8.047436275898059E-6 ,5.7956054123250124E-5 ,0.0024811682240245487 ,3.6604648557290873E-4 ,0.005064943368265763 ,5.026142768314111E-4 ,0.16117946372390207
2098,3.240040767466754E-4 ,0.046306284018135926 ,6.408431638577812E-5 ,2.7507317941019035E-5 ,2.4605850530186546E-5 ,2.7744804963816212E-5 ,3.2742736032302034E-5 ,3.7445782778736976E-4 ,6.087818986002787E-4 ,0.9522097871528765
1040,4.292163089231878E-7 ,3.810086180042652E-5 ,5.021585352064926E-5 ,4.17248597172985E-7 ,4.930917994290651E-7 ,3.1593215882011545E-7 ,2.4652380455493658E-5 ,3.1175780607232246E-4 ,4.567127345092473E-6 ,0.9995690504819418
841,7.999588806381902E-7 ,8.165104449673503E-5 ,7.141846936263881E-7 ,6.906793233410146E-7 ,8.595126008816244E-7 ,5.447481529730846E-7 ,5.267072821803052E-5 ,6.185355879974101E-4 ,9.56849528735617E-6 ,0.999233965060349
1556,1.0388823924733533E-6 ,8.212003233467782E-5 ,1.0960941814656669E-6 ,1.038468873985796E-6 ,1.2534138274736096E-6 ,8.108413432406257E-7 ,5.2954571124075484E-5 ,6.24675657424704E-4 ,9.984315934259243E-6 ,0.9992250277225637
1847,1.066293000585878E-4 ,0.7564147067708228 ,1.4419467269181876E-5 ,1.6072940362935718E-4 ,8.303148395298211E-5 ,0.12320778199164391 ,1.0139071802149394E-4 ,0.003591762116598572 ,1.7678930930532706E-5 ,0.1163018698170725
667,8.254490414339637E-5 ,9.032485242508547E-4 ,1.2525788607457295E-5 ,3.868514267541549E-6 ,5.001976773125415E-5 ,0.05912798365292356 ,2.9599582100309956E-5 ,3.748245738759781E-4 ,1.5449263605132296E-4 ,0.9392608920560483
1558,0.24544530093093067 ,9.733865757034841E-4 ,1.2929375864746925E-4 ,2.225985118562438E-4 ,1.6727374937656214E-4 ,1.995306160973818E-4 ,1.400495767527063E-4 ,1.4310772275421302E-4 ,0.2658804004576812 ,0.4866990581001999
1911,3.942163590610195E-5 ,0.9231345732398522 ,4.543453787311113E-5 ,6.518824992782622E-6 ,1.4358589684805904E-5 ,2.752448469418592E-4 ,3.4258519851338296E-5 ,9.874305108021797E-4 ,1.550629884126367E-5 ,0.07544725299525465
1229,1.3775856063562326E-5 ,4.698619287849767E-5 ,1.101115716779646E-6 ,9.20665096446748E-6 ,6.033876453183055E-7 ,1.3413763228551264E-5 ,5.543086352096092E-5 ,0.9981444356360135 ,1.0008038586743155E-5 ,0.0017050384953816078
1904,6.779102638117647E-5 ,3.520988784261484E-5 ,2.1630231855395558E-5 ,3.19719414890701E-5 ,1.9248486070584813E-5 ,3.396884280844288E-5 ,1.104122150681599E-4 ,0.9979556751251004 ,1.0038187685790049E-5 ,0.0017140540556983216
1210,1.2454559894587927E-6 ,8.695135863356625E-5 ,7.492091193215806E-7 ,8.458092576826175E-7 ,9.550954964355915E-7 ,6.360481865095469E-7 ,1.2620752497287364E-4 ,0.9510417435699715 ,2.197297197304012E-5 ,0.04871869295639971
1557,9.915229785430809E-5 ,0.8798432468581561 ,1.041262990205564E-4 ,3.31574866461796E-5 ,1.6530954052624089E-4 ,4.077245393772016E-5 ,2.628065874214341E-4 ,4.5733878989911964E-4 ,1.3469995557065048E-5 ,0.11898061969098135
1628,1.6274382533588972E-4 ,0.8867366935367103 ,7.511492963602146E-5 ,2.1642019020757218E-4 ,6.62080915573869E-5 ,1.474710384058446E-4 ,1.4321494499447136E-4 ,2.683442267043569E-4 ,3.0396854490433213E-5 ,0.11215339236195758
90,2.958664527304744E-5 ,2.7501023517528216E-5 ,1.2706016948150118E-5 ,5.058944387466369E-6 ,1.5630465660239055E-5 ,2.6380527594517386E-5 ,1.7977345157094848E-5 ,0.9997172599683056 ,3.0467558695875186E-5 ,1.1743150446081655E-4
74,4.287999198345822E-4 ,0.060233957968409746 ,0.033947418274373406 ,8.151925966115577E-6 ,0.062297928712146955 ,5.166116100728096E-4 ,1.1294351124758748E-5 ,0.7949588425346023 ,1.7236433069632146E-5 ,0.04757975827039974
89,1.3529592828999861E-5 ,3.337816516757276E-5 ,0.01603927539903222 ,2.8161410163176316E-6 ,7.844282063150805E-6 ,1.2973424462573043E-5 ,8.048165298771495E-6 ,0.8530030442223933 ,1.4616596460029363E-5 ,0.1308644740112773
932,2.807708596794972E-5 ,1.5707046879773034E-5 ,2.0863323974855752E-5 ,7.583278441829518E-6 ,1.5215444753579142E-5 ,2.9851592572092333E-5 ,2.7777471127322588E-5 ,0.9997260626729244 ,2.960368571412894E-5 ,9.925839764413416E-5
7,2.0495959830421394E-5 ,9.717223763296854E-5 ,0.002437177853251721 ,6.996956627273779E-6 ,1.206268017957359E-5 ,1.9908723100423556E-5 ,6.577287221151273E-6 ,0.9550106179342781 ,1.1315625910512538E-5 ,0.04237767474196794
73,2.1097602381366886E-5 ,1.0890794637993553E-5 ,1.3371447862682986E-5 ,1.967341253903664E-5 ,2.419293251149955E-5 ,2.28250947532851E-5 ,1.1809445502933138E-5 ,0.9997901709441186 ,2.4234466690846486E-5 ,6.173385900197697E-5
217,2.2750203246363347E-5 ,9.658309825900861E-6 ,9.184555234476601E-6 ,2.8873656989338037E-5 ,9.767162117578085E-6 ,1.4926063966321424E-5 ,2.0416228417909142E-5 ,0.9997856794531276 ,4.7915753393617706E-5 ,5.0828613681252545E-5
58,2.8728848025734026E-4 ,0.08691028314617044 ,1.1058558575297415E-4 ,3.7811025277387266E-4 ,2.9747007979861675E-4 ,2.337083204948584E-4 ,1.843478992188463E-4 ,0.5456953936331176 ,0.2540953132018031 ,0.11180749940061223
625,1.680724938485955E-4 ,0.041304728986729065 ,0.015857301871383088 ,2.420315217703955E-5 ,0.01798703057746477 ,6.697329997261925E-5 ,7.85838179813131E-6 ,0.7944721146344298 ,8.936114055322184E-6 ,0.1301027804881412
1798,0.13820645607959947 ,1.3709838706571007E-4 ,0.01756951851923894 ,1.0207750866880612E-4 ,0.0712457391781211 ,0.2656762861303497 ,0.2693368841038913 ,0.03675819607755309 ,0.2007794861576581 ,1.8825785785382416E-4
328,0.3698164384473107 ,2.048457272702435E-4 ,1.3143034753312075E-4 ,5.158807236094546E-4 ,3.9239975202683114E-4 ,0.027567603583128358 ,0.0903377041959015 ,0.11787748772569029 ,0.16153920852173176 ,0.2316170009757978
253,5.885026633028754E-5 ,5.538067992324655E-6 ,0.0013323315400424404 ,4.7336219799226456E-5 ,0.9983923476657972 ,4.698948797806942E-5 ,7.464532092301746E-5 ,2.2873061852876888E-5 ,1.561297294005415E-6 ,1.752707199068114E-5
298,0.3504630910208429 ,1.8828208283919393E-4 ,2.825925358413364E-4 ,7.790448822164506E-5 ,1.5383952183959732E-4 ,0.004490127600624412 ,0.2630423218570186 ,0.0019243342741569675 ,0.3793047445978287 ,7.276202078678891E-5
731,4.106788865895282E-6 ,2.7554934844022703E-5 ,6.082492828623359E-5 ,7.037114791328859E-5 ,1.2767551022115957E-4 ,0.9995347168613243 ,6.037913722451106E-7 ,8.907504681813315E-5 ,8.382177931460186E-5 ,1.2492110402735246E-6
537,0.05970402621603953 ,0.13187595578437358 ,1.2462991535682982E-5 ,3.0343972083606807E-5 ,3.233215555607669E-5 ,0.807774153481391 ,3.3794939818771526E-4 ,2.541686739634488E-5 ,1.98448862408542E-4 ,8.910271028014435E-6
1434,0.06854190230793578 ,7.502456734165836E-5 ,2.80630524704326E-4 ,0.001317739264307876 ,0.03637481596840619 ,0.7437386828976239 ,0.11989204364557617 ,3.45246117694543E-4 ,0.02914104979971401 ,2.928649066954148E-4
544,1.4184506630693513E-4 ,1.0020467240896652E-4 ,1.8180061959465335E-5 ,5.866660982417585E-5 ,0.4142784575717151 ,0.5233126247298092 ,0.061522711405779695 ,3.2175937316696226E-5 ,5.299225675766882E-4 ,5.211377303009621E-6
1383,3.846437787790809E-4 ,4.5552080515312636E-4 ,1.7742432607092432E-5 ,3.82124743837491E-5 ,0.17396103208127056 ,0.7615007935911 ,1.5169998304940846E-4 ,1.1830449253979901E-4 ,1.0511134083747585E-4 ,0.06326693902027962
1657,0.05894153945258982 ,0.02461175421766474 ,0.01688833658657659 ,5.864124420196243E-6 ,0.05001268887241182 ,0.7654928900203999 ,2.526500029356497E-4 ,3.5323420873900423E-4 ,0.05895137106530479 ,0.024489671448957796
1688,7.690200806397526E-5 ,3.5814150880673305E-5 ,2.7905790861263354E-5 ,4.887451762481392E-5 ,0.0011517919919447018 ,0.9983348334082779 ,1.0629816337030413E-5 ,2.66164471935808E-4 ,3.016528394089124E-5 ,1.6918560132888714E-5
1469,0.03039557418564419 ,5.410628472624944E-4 ,1.4493176194697117E-4 ,6.000526259923308E-5 ,4.0684199208388647E-4 ,0.7828130387616741 ,0.002911367347735638 ,0.03850429054556347 ,0.1441183812789135 ,1.0450601657669598E-4
1707,4.593443803480705E-5 ,2.3418420214877232E-4 ,3.225218123387836E-4 ,3.068517664647471E-5 ,0.12003502001600311 ,0.8790273280482115 ,3.104451981300721E-5 ,8.089083530619053E-5 ,1.8630015993283006E-4 ,6.090791564571824E-6
329,3.924900428436989E-4 ,1.1256686938728049E-4 ,0.15530515814129647 ,3.154985724140607E-5 ,0.1416608336109139 ,0.5023338842825013 ,1.1852574764131069E-4 ,0.036474035118280346 ,0.1634529317255032 ,1.1802460439113166E-4
1535,0.0554801760230004 ,0.04983477106560063 ,0.003529456452809147 ,3.3601693301127424E-5 ,9.796099799608618E-4 ,0.6395258339183101 ,0.06180377014599338 ,8.722339141815097E-5 ,0.18829630078372342 ,4.2925654588291465E-4
479,1.460529644084608E-4 ,0.02931148637836024 ,2.6349227403830997E-5 ,7.191555770761028E-5 ,1.2603379588898596E-4 ,0.9695472063965761 ,3.3223230384679404E-4 ,3.601741507272565E-4 ,5.6317169620641774E-5 ,2.2232055460225296E-5
877,3.5238984665277E-5 ,1.5519033699368527E-4 ,6.321394448602512E-6 ,5.0246769100738086E-5 ,2.6498209781941473E-6 ,0.7460148158521805 ,5.6369028120841886E-5 ,2.2048549906813006E-4 ,0.25333002613319366 ,1.2865618125039883E-4
1509,1.384013209281356E-4 ,4.2134314803524774E-5 ,3.7684547921159E-4 ,1.8838866988456497E-4 ,6.240415333895221E-5 ,0.999011931944684 ,4.468105469096283E-5 ,8.103367399968475E-5 ,3.652269263795645E-5 ,1.7656695820935574E-5
152,0.21070077378039356 ,5.083444746869302E-4 ,0.04880178677090607 ,7.474756890980366E-5 ,0.16648334908199136 ,0.5200769262348246 ,0.0026039091181992323 ,0.03230576409768723 ,0.018434474230047983 ,9.92464235336503E-6
1382,4.735701151812572E-5 ,0.008264908056765507 ,2.912334792645123E-5 ,7.609580297121962E-5 ,0.15032448337765006 ,0.8406747877573124 ,9.940844968833341E-5 ,1.6694019109990212E-4 ,5.054992682841518E-5 ,2.663460782395663E-4
1297,4.556275387950545E-4 ,0.0457118689582551 ,2.3460831625805213E-5 ,2.747594613826565E-4 ,7.952107409346545E-5 ,0.9531468228930163 ,2.298577732822068E-4 ,1.898900836947451E-5 ,4.2731208987046555E-5 ,1.63612521927938E-5
425,9.851247098002066E-5 ,0.040696470726947764 ,5.5245981113317464E-5 ,1.3037845902720232E-4 ,5.96280964234562E-5 ,0.9585868757281674 ,2.874520140036103E-4 ,4.12863107362672E-5 ,3.3270839308977826E-5 ,1.087937329180822E-5
609,0.08825989489334998 ,3.2282496845634805E-5 ,7.852735098100935E-5 ,9.515896039831175E-5 ,0.05537937382206365 ,0.8559097087660573 ,1.7406757185721902E-4 ,2.556068346921768E-5 ,2.9726417002925076E-5 ,1.5699037974648565E-5
496,5.569259672110416E-5 ,2.1512842802607875E-5 ,6.132011933263524E-6 ,1.6047836321847842E-5 ,2.4418019197371597E-5 ,0.999719091927694 ,5.570504410047711E-5 ,8.582737411387592E-5 ,8.179006322316213E-6 ,7.393340792929681E-6
1703,1.1190094183045906E-4 ,8.125465536806363E-5 ,3.3158109693457805E-5 ,1.9841870544817818E-4 ,0.06923278074779828 ,0.9054859231085461 ,0.02450989713205578 ,5.980306994211205E-5 ,2.721102159881406E-4 ,1.4753313329543546E-5
463,5.709808991991341E-5 ,4.5187550709065643E-4 ,1.851274647691262E-5 ,5.6381827460724324E-5 ,4.702580379024176E-5 ,0.9807262096974552 ,0.018008880823193945 ,4.615450169817555E-4 ,1.7543289003772605E-5 ,1.549271986268343E-4
1222,0.5993799347417195 ,9.944583919765223E-5 ,7.48599977721548E-5 ,4.052408866186022E-4 ,0.11033888937884927 ,0.23349684581528765 ,0.05606878852845395 ,6.462564160662972E-5 ,4.325630198616868E-5 ,2.811286850849695E-5
880,9.169926978180751E-5 ,6.838873031764007E-5 ,3.4335791465824495E-5 ,3.0508816339537425E-5 ,1.7016042796882852E-4 ,0.9994447603286332 ,3.322021358393529E-5 ,6.869486542547048E-5 ,4.623316362946444E-5 ,1.1998392854063209E-5
196,0.2002453731878144 ,1.8103929939465864E-4 ,0.027247851145318948 ,2.6391400192066712E-5 ,0.13337126989420733 ,0.547866939120699 ,2.23171904436723E-5 ,1.4431071593305533E-4 ,0.09085221976512198 ,4.2288280874998355E-5
397,1.0001126662364836E-4 ,0.014312172515379607 ,0.146372049171901 ,1.0535739064956703E-4 ,0.06066620762902776 ,0.7779520621231766 ,2.018732879474718E-4 ,4.479061061455699E-5 ,2.3465755720406656E-4 ,1.0818447475691513E-5
332,0.1749500101067804 ,4.830134673160492E-4 ,5.123900817700699E-5 ,3.9300873174589775E-5 ,3.199412654106946E-5 ,0.04970763882072803 ,2.6110745123485173E-5 ,3.2672735671429375E-5 ,0.7746590033972145 ,1.901671927347894E-5
500,0.3162550896586778 ,6.291495363348742E-5 ,1.4971753683135644E-4 ,3.388009097019503E-5 ,4.56294120840052E-5 ,8.856262382207518E-5 ,3.4235013146472544E-5 ,9.352713529710666E-5 ,0.6832201950420426 ,1.6248533495039084E-5
1120,0.7286823307333814 ,1.9717757809005392E-4 ,5.6853586218949197E-5 ,0.08712657996401141 ,0.056655558552199475 ,6.088441676398276E-5 ,9.67019132817622E-6 ,9.277945397865457E-5 ,0.12709535129553268 ,2.281422849544751E-5
582,0.6726135055908324 ,0.006597197225696317 ,1.1375717041988204E-4 ,3.9827949146340234E-4 ,0.004202784823576952 ,2.1033474790051047E-4 ,0.023641951202997183 ,2.3320887837614376E-4 ,0.291949438400509 ,3.9542468228106524E-5
1381,0.5082835647294975 ,1.4049331259859452E-4 ,5.532736763092243E-5 ,0.005556410799227178 ,4.28148316835406E-6 ,2.3302213650612675E-5 ,6.787790856274107E-6 ,1.2297637690029136E-5 ,0.4857787328994572 ,1.3880176622320302E-4
334,0.245846161299917 ,8.167134444918708E-5 ,7.290473791853982E-5 ,0.08072283633976536 ,6.0549113880090375E-5 ,3.0860707202482563E-4 ,1.155607037956441E-4 ,0.0320386093880985 ,0.6407217147232199 ,3.1385276931029945E-5
467,0.334325899451219 ,0.027052838361585233 ,0.10739038765405128 ,4.6486876544923717E-5 ,0.060726938243263466 ,0.017705517820795186 ,0.45215647974019507 ,1.8846454456467325E-4 ,1.1917540207559168E-4 ,2.8781190570563637E-4
480,2.8695371558117656E-4 ,8.486136484376642E-5 ,5.415659328944564E-5 ,2.8128467161962786E-5 ,2.2457487887629795E-4 ,0.9986838806793007 ,4.796020637858455E-5 ,9.732747520929437E-5 ,4.896404568944635E-4 ,2.5161624644526946E-6
529,1.2206631755894825E-4 ,0.24782859815827318 ,1.9654154617367782E-4 ,5.575259737598186E-4 ,8.581063251475111E-5 ,4.027075912447429E-4 ,0.7503652908666805 ,7.872720999452944E-5 ,1.043654161568507E-5 ,3.5229516218418056E-4
1340,5.6085674327725585E-5 ,8.30016805893435E-5 ,3.428528322589046E-4 ,4.5189928983350243E-4 ,0.04550333413429151 ,2.7369936610949436E-4 ,0.952863068057342 ,5.186672286714365E-6 ,2.0557801427022314E-5 ,4.003144915337727E-4
161,0.3787023022230359 ,0.08113894574900536 ,0.2465437126476104 ,2.2600890599656516E-4 ,2.608083396619415E-4 ,4.437719425205555E-5 ,0.2929312963459968 ,3.2894363820700014E-5 ,7.170496371900505E-5 ,4.794926690139484E-5
482,0.13680690170920584 ,1.1300738659013588E-4 ,2.1719336159717538E-5 ,0.03151845932119316 ,4.0508034636953386E-5 ,0.28009265132350525 ,0.5508278721888095 ,5.150703055393834E-5 ,5.196134830339319E-4 ,7.76018631154625E-6
231,0.06003151812674358 ,3.816384744206193E-4 ,0.8960986754393159 ,0.04300066167163056 ,6.0107538355931536E-5 ,3.659541158110452E-4 ,2.904470264238402E-5 ,1.2983767647514859E-5 ,1.6283168634974396E-5 ,3.132994797594289E-6
195,0.6421398547919259 ,1.822841703471558E-4 ,0.06553236637806403 ,9.956559069604707E-5 ,7.829902922974034E-5 ,0.07934842740689031 ,0.21203693016265932 ,1.1169067240673333E-4 ,2.0425004865454982E-4 ,2.663317491259304E-4
382,6.84523393726697E-5 ,4.501146370934994E-5 ,0.9996583872698341 ,2.1021936922665808E-5 ,4.331827532280193E-5 ,7.129466876233552E-5 ,1.4457809718114286E-5 ,9.156920951029533E-6 ,5.532983613311594E-5 ,1.3569479273704557E-5
363,1.4679454962340725E-5 ,2.7872400410101315E-4 ,0.9843162436425309 ,3.7818699700563713E-5 ,0.015037266625443146 ,4.25278432871415E-5 ,8.034231556812247E-5 ,2.3222093618037973E-5 ,5.795111829479492E-5 ,1.1122420249399727E-4
1189,1.404082317530668E-4 ,2.21634049780621E-5 ,0.9877268516180782 ,0.011899726033210864 ,4.309993893397493E-5 ,2.6281346522865498E-5 ,6.477387033504798E-5 ,3.86287141186175E-6 ,1.5097318673389212E-5 ,5.7735366102844555E-5
487,3.206842789504918E-5 ,2.2673821061605364E-5 ,0.9997425729003183 ,1.2401025477408248E-6 ,5.452726070139125E-5 ,5.3651476183167345E-5 ,3.2312003440742596E-5 ,3.963136620632278E-6 ,5.040302362464239E-5 ,6.587847606956632E-6
94,1.9504417992341613E-4 ,4.1265663396349477E-5 ,3.339072820769647E-5 ,4.463772757026806E-4 ,0.7911412893391615 ,2.123774523476019E-5 ,0.11412175717483751 ,3.256169994639197E-5 ,0.09383005238291099 ,1.3702381067864233E-4
1351,0.006213130418153949 ,0.008710489831490888 ,0.03752273455863946 ,0.0034375827491018884 ,0.8312722173673243 ,0.07844407751991281 ,9.91461774239459E-5 ,6.654194085519326E-5 ,0.03420479457458544 ,2.928486251219592E-5
1579,2.165736897195099E-4 ,3.8947826610662313E-4 ,0.04920851529098759 ,0.002394239749170307 ,0.7297237048908038 ,2.9990885480772093E-5 ,0.19031295721631825 ,4.2605839216922717E-5 ,4.390171197189608E-4 ,0.027242917052477153
1265,2.7733498852965016E-5 ,3.553186903679288E-5 ,0.003345279441050993 ,2.6151734186574113E-5 ,0.9647477343977892 ,0.030328990810769205 ,7.699934246993464E-5 ,5.921220466153298E-6 ,0.0013816036916406032 ,2.4053993737733416E-5
1885,7.763165012336637E-5 ,0.03422565257709309 ,0.0022538471655775953 ,3.810610490087303E-5 ,0.8434615399715083 ,0.11981158538771428 ,6.820955864500379E-5 ,4.351633144379952E-6 ,5.325032975466574E-5 ,5.825621538368694E-6
520,0.15604653373220276 ,2.9871518057861154E-4 ,2.2524672476467847E-4 ,9.264412765491307E-4 ,0.8347453754988997 ,1.2129757888883222E-4 ,0.006699912304528661 ,8.473927612892323E-4 ,8.15037525026009E-5 ,7.581189795772013E-6
316,0.31444692403300123 ,0.034753643193549885 ,2.747556171760096E-4 ,1.0920811722637577E-4 ,0.5794546917446598 ,0.07016076261594706 ,5.776206313384463E-4 ,6.88786438271996E-5 ,1.0842354680949806E-4 ,4.509185646472015E-5
2094,1.3260932004728818E-4 ,0.9995658040934594 ,2.5946325893555565E-5 ,4.94523328354663E-5 ,3.264897477898438E-5 ,1.4071746499367842E-5 ,2.5970689728103784E-5 ,1.8896124936324575E-5 ,1.0873250709389132E-4 ,2.5867884727375465E-5
25,1.3260932004728818E-4 ,0.9995658040934594 ,2.5946325893555565E-5 ,4.94523328354663E-5 ,3.264897477898438E-5 ,1.4071746499367842E-5 ,2.5970689728103784E-5 ,1.8896124936324575E-5 ,1.0873250709389132E-4 ,2.5867884727375465E-5
100,1.2259665515880299E-4 ,3.7928062778649175E-5 ,0.058296803580096465 ,1.906258565016663E-5 ,0.9413024332855424 ,5.4675918247657674E-5 ,8.447057814208925E-5 ,4.401629044374998E-5 ,2.122209202714626E-5 ,1.67909519130311E-5
2145,0.6581829646303882 ,1.5306216217764185E-4 ,2.180709536736226E-5 ,0.3415132170853407 ,1.1291691793152944E-5 ,2.4021335429215158E-5 ,2.0557580334316372E-5 ,1.315532965849092E-5 ,5.634149486450333E-5 ,3.5815946462553313E-6
302,0.6581829646303882 ,1.5306216217764185E-4 ,2.180709536736226E-5 ,0.3415132170853407 ,1.1291691793152944E-5 ,2.4021335429215158E-5 ,2.0557580334316372E-5 ,1.315532965849092E-5 ,5.634149486450333E-5 ,3.5815946462553313E-6
1000,2.06165639864138E-4 ,1.1650012446634764E-4 ,1.2215050901406903E-4 ,3.405897410882534E-4 ,1.804243701352513E-4 ,1.4099158974153262E-5 ,0.998809336176984 ,5.460889354768005E-5 ,8.840772869500113E-5 ,6.771765723111434E-5
442,7.051812896372614E-7 ,1.687425821851018E-5 ,7.793347508127427E-7 ,9.845082233545245E-6 ,9.979307646402889E-5 ,3.729024370937933E-6 ,0.9998302218713269 ,6.4458685514251355E-6 ,1.3448601019902783E-6 ,3.0261442692021814E-5
191,0.11400300830671656 ,0.0212665420608763 ,8.575117888933729E-5 ,0.19259886574000593 ,0.134746976512791 ,0.05070550182593488 ,0.4842384944128602 ,1.0221659688687804E-4 ,0.002056663002683637 ,1.9598036235534162E-4
945,0.17050345949251475 ,0.5048278924774086 ,1.938151870629228E-5 ,0.23659278001535092 ,6.108588206123994E-4 ,8.696280518799629E-5 ,1.7455565894923267E-4 ,0.08697369175607352 ,1.6769441845024583E-4 ,4.272303674633511E-5
452,0.17050345949251475 ,0.5048278924774086 ,1.938151870629228E-5 ,0.23659278001535092 ,6.108588206123994E-4 ,8.696280518799629E-5 ,1.7455565894923267E-4 ,0.08697369175607352 ,1.6769441845024583E-4 ,4.272303674633511E-5
170,2.9292558403511077E-5 ,4.592883369210437E-5 ,1.1725361466269003E-5 ,1.6731179076420335E-5 ,3.3109845161789374E-5 ,1.313602779133738E-4 ,0.9996226605037326 ,1.2179079954225533E-5 ,4.7424020113128406E-5 ,4.958834048661823E-5
412,0.41245480181077426 ,0.03611294119319445 ,2.4045648601732356E-4 ,0.10048017539707 ,3.875134466967989E-4 ,0.002108334786466982 ,0.37097336723648894 ,2.2024311232212476E-4 ,2.280835737188386E-4 ,0.07679408295725036
95,0.13820645607959947 ,1.3709838706571007E-4 ,0.01756951851923894 ,1.0207750866880612E-4 ,0.0712457391781211 ,0.2656762861303497 ,0.2693368841038913 ,0.03675819607755309 ,0.2007794861576581 ,1.8825785785382416E-4
59,0.12344552216666337 ,0.0036905871047418033 ,2.5536885558995502E-5 ,6.184449908328849E-5 ,5.4134185683214295E-5 ,1.2581379367438154E-4 ,9.559409284508532E-5 ,0.052827270067617456 ,0.8196166222298811 ,5.707497425113241E-5
106,0.10238144113312192 ,0.04254362385217076 ,0.05902070694653417 ,0.015598584974317141 ,0.2582425468929666 ,0.2738220550014713 ,0.2010165580338538 ,9.352423684622936E-6 ,0.030699154383906167 ,0.01666597635797353
970,0.050693865551468986 ,1.0635212145137718E-4 ,3.436057703814655E-5 ,0.23962823207297454 ,4.4196515075496274E-5 ,0.08781539100572186 ,0.30898950053972896 ,0.2347901990653472 ,0.021457904363318358 ,0.056439998187875026
1258,0.05334499408648957 ,5.204544326776278E-5 ,9.31974094156603E-6 ,0.022061814867314216 ,3.4986545566758884E-5 ,0.05065287162535241 ,0.8737544015940149 ,1.7916705312533085E-5 ,6.513442800092764E-5 ,6.514963739674221E-6
1023,0.10766146697012037 ,7.364605967047661E-5 ,0.022517546333998547 ,3.486465574292282E-5 ,0.07474477756570538 ,0.44217420544141706 ,0.3360246539448794 ,1.2067569969146185E-4 ,2.0825407079359218E-4 ,0.016439909257980483
9,1.1999723115006266E-4 ,0.04448675176911801 ,3.7305562184762016E-5 ,0.08932662217830764 ,9.714853950751342E-5 ,3.175644895410585E-5 ,0.7715065741791693 ,9.592679061794683E-5 ,0.09427426377302406 ,2.365352796660317E-5
331,0.32754379478239676 ,2.9757497576737694E-4 ,8.498302356900505E-5 ,0.2111169290163893 ,2.9360839856058324E-4 ,4.389044358747044E-5 ,0.03258376363748014 ,9.920303166613635E-5 ,0.42777252532191645 ,1.6372736866690732E-4
1871,0.19294739301199226 ,0.015552487497714167 ,0.012785069409274194 ,0.012218187710669818 ,0.0648392534012705 ,0.14095878743700882 ,0.3554615990725028 ,0.008711877342902645 ,0.19605879539628207 ,4.665497203826981E-4
1517,0.17958370764991646 ,0.0875887594629646 ,7.243297261946928E-4 ,0.08740530148895145 ,3.4333793802834416E-4 ,0.15971026209105288 ,0.27701045207860586 ,0.045553341702101624 ,0.16202840259161694 ,5.210527056721387E-5
1304,4.1148212784582366E-5 ,7.68049295959318E-5 ,1.1323425494331248E-5 ,7.499697013403052E-6 ,2.3947729373619827E-5 ,0.3678487878908622 ,0.6077116767327918 ,3.325013339954716E-5 ,4.283663936148359E-5 ,0.024202724609323212
174,0.32551786260505966 ,3.3900023811987196E-4 ,2.2214617725575652E-5 ,0.14487657013735147 ,3.948796523984453E-5 ,6.112479354914327E-5 ,6.475670517361243E-5 ,8.23927206202278E-6 ,0.5290450811881974 ,2.5662477521433503E-5
1341,0.025076416451033107 ,2.0719000880812468E-5 ,0.02130599067622082 ,0.08368589573873184 ,0.176333210636218 ,2.4183395663891305E-4 ,0.6746328665354426 ,1.5828427521426004E-5 ,0.018659839847709938 ,2.739872960230253E-5
1809,5.063621636006688E-5 ,7.342397799913347E-5 ,0.003048829271469811 ,1.9558991090387508E-5 ,0.18662421524484657 ,2.9531243304260273E-5 ,0.8100819788201323 ,3.9165718848959635E-5 ,1.0920762537034406E-5 ,2.1739753411217243E-5
1261,0.042969937250667986 ,4.721877187324008E-4 ,6.671077418611413E-5 ,3.5939517290724E-5 ,0.06101826550541881 ,3.1254790494089867E-5 ,0.8953419513479777 ,1.6063477124108924E-5 ,3.621474056536291E-5 ,1.1474877542893433E-5
1263,5.647221339753817E-4 ,1.2945728530977172E-4 ,6.77352494155308E-5 ,8.339205957216905E-5 ,0.32672486448810184 ,7.23396733698827E-5 ,0.672184210116235 ,1.1378819755258E-4 ,7.187732721889856E-6 ,5.2303063745952666E-5
1227,0.22365877581201157 ,0.10405337356311682 ,0.008498056063531977 ,6.993299640311602E-5 ,0.1287887098562093 ,0.02865929283687555 ,0.5058195757821327 ,6.442462119826431E-5 ,2.3002107157837185E-4 ,1.5783739694233143E-4
1245,0.2787473954346397 ,7.066119688013299E-5 ,4.701510823209305E-5 ,0.0014369313007146914 ,1.6036183322990974E-5 ,0.0011519439571864682 ,0.019605278131332036 ,2.896392467257183E-5 ,0.6988430915550701 ,5.2683207948897546E-5
982,0.2787473954346397 ,7.066119688013299E-5 ,4.701510823209305E-5 ,0.0014369313007146914 ,1.6036183322990974E-5 ,0.0011519439571864682 ,0.019605278131332036 ,2.896392467257183E-5 ,0.6988430915550701 ,5.2683207948897546E-5
1870,0.14251936820939795 ,0.010537723883538316 ,7.15919575238504E-5 ,0.006459648789840125 ,0.28508205032384 ,0.01406677045440722 ,0.5408523467492313 ,2.083368747404745E-4 ,1.6865641048918238E-4 ,3.350634699154008E-5
1857,2.1190840482931316E-4 ,4.5755964628797174E-5 ,3.387286643007126E-4 ,0.18270280507357706 ,0.15785999634046194 ,8.030257055010074E-5 ,0.658570724563054 ,1.1936475134477097E-5 ,1.0206842195342756E-4 ,7.577352151037359E-5
185,0.1504187936778446 ,4.80941483017146E-5 ,0.6778727101499809 ,1.8937244114931972E-5 ,3.721451844037596E-5 ,6.595674165883278E-5 ,0.0020390385834649044 ,3.6719352966941745E-5 ,1.6196412413606513E-5 ,0.16944633917081325
323,6.057255169070979E-5 ,2.163145199932375E-5 ,5.285243597516813E-7 ,4.5916235177660014E-7 ,6.707140192152346E-7 ,9.704823797721806E-6 ,4.1163668696008034E-7 ,6.206806932307519E-7 ,0.9998088683529799 ,9.653210142143874E-5
1137,0.6940979617308738 ,1.8885262329269582E-4 ,1.7763901566014623E-5 ,0.30553474988336843 ,1.7089365992031957E-5 ,2.3401055156163963E-5 ,2.8147367850908496E-5 ,3.410331895066574E-5 ,5.487900867443274E-5 ,3.051744274422287E-6
758,7.301657141657421E-5 ,1.2638102199355008E-4 ,5.95849266605337E-7 ,0.9995214984353514 ,9.115273308702355E-6 ,1.373708165394089E-4 ,4.471290978088137E-5 ,4.0318204650361233E-7 ,6.490224506418618E-5 ,2.200369523207828E-5
491,4.315634774840547E-5 ,2.5959780421594346E-5 ,0.8029751525724265 ,0.18543666491022404 ,0.010533662148846625 ,5.215531456951844E-5 ,1.3547724167536522E-4 ,4.965368374333534E-5 ,7.4279697594301E-4 ,5.321024401890658E-6
333,5.3430287218746164E-5 ,2.8475063806081144E-5 ,3.2754893760289573E-6 ,3.025087101161247E-5 ,3.8659882681295036E-7 ,2.23051673471891E-5 ,2.8115818678934116E-7 ,2.880956199274975E-5 ,0.9998313884431227 ,1.3973591114513758E-6
504,2.2072966998002042E-5 ,5.113519222988711E-6 ,2.5911653570427823E-7 ,1.8014994402327965E-5 ,6.017321481545553E-7 ,1.863521781737729E-5 ,2.3677693086312315E-7 ,4.863662046763073E-6 ,0.999929509912301 ,6.921015966704008E-7
1281,4.7865449320997846E-4 ,3.865034779940942E-5 ,2.7366580531945183E-4 ,3.9657070562817027E-4 ,1.4726348944288609E-5 ,5.5656346091160346E-5 ,2.758194076510091E-5 ,3.159638530058924E-5 ,0.9986774912809144 ,5.406346027377726E-6
229,1.3557459048625696E-4 ,0.062495377140433156 ,0.9162629798515902 ,5.180243816145193E-5 ,7.37660415459772E-5 ,2.3918087176470023E-5 ,0.020785783574468985 ,4.2017134219716167E-5 ,9.439881049484558E-5 ,3.438233142297393E-5
892,2.629308337962427E-4 ,0.0038148243450283983 ,3.1127426013411672E-6 ,0.23873541616904945 ,3.11331696394711E-4 ,9.874919709600982E-4 ,0.007041999231735953 ,3.4969266069224084E-6 ,0.7488289754743089 ,1.0420609517896931E-5
1328,0.006589574668004408 ,8.102421189242188E-4 ,1.3294812077241024E-5 ,0.11614608462952108 ,7.633337105029019E-4 ,4.191714210933123E-4 ,0.013211287301867318 ,6.602986435601569E-6 ,0.8581004279529978 ,0.00393998039857621
1001,7.196466312797712E-4 ,9.88896193888854E-5 ,1.8108843833394188E-4 ,5.422484894970098E-4 ,2.82191749159226E-4 ,0.988872812855991 ,0.005475524652446634 ,6.191788675775979E-4 ,0.0031906437917232308 ,1.7774904602810837E-5
1444,9.181357467173321E-5 ,0.006480266336000567 ,4.0347801581497556E-6 ,0.9921199135755527 ,1.3908178822854333E-4 ,1.8859902293665246E-4 ,6.521233406169861E-4 ,1.5062806141113036E-6 ,3.189975603061005E-4 ,3.6637409144616445E-6
806,5.864293187561368E-4 ,4.1377811456279665E-4 ,1.1678877266160016E-6 ,6.534689183479017E-4 ,1.0403131541156438E-6 ,7.510190409702622E-5 ,5.324340726506297E-5 ,1.5278097338888684E-5 ,0.9981980255254647 ,2.4665132867861945E-6
1916,2.0149170719904792E-5 ,1.5408430766407558E-4 ,2.2107719553508314E-6 ,3.2381867781134445E-4 ,1.6368449242685807E-5 ,2.5546569862853926E-4 ,8.412827821385949E-4 ,9.306134186980103E-5 ,0.9982872947608682 ,6.2640391014722115E-6
91,0.0010543242242643776 ,3.3380365526255887E-4 ,2.664153924846166E-6 ,1.9978331420246803E-6 ,3.897284928787332E-6 ,2.5032774863280402E-5 ,1.949804995206517E-6 ,2.794761343300904E-6 ,0.9971413351014937 ,0.001432200405781988
279,2.7827278802408585E-4 ,0.0028323112551386673 ,1.835633650823345E-5 ,0.15072715512324258 ,4.512303367826295E-5 ,0.315833621338981 ,7.346093241952259E-4 ,1.071971715184035E-4 ,0.5292716332019475 ,1.5172042676593758E-4
259,9.236589139725873E-5 ,3.5209396234308915E-5 ,0.0012015126982921796 ,5.4126804176592853E-5 ,5.531956575677384E-6 ,4.269128733214103E-5 ,0.9983817689925868 ,2.8893977538416373E-5 ,2.9075542305808192E-5 ,1.2882345356099887E-4
268,5.276540736391843E-5 ,3.128784261115594E-5 ,0.9997892173289324 ,5.82659405139408E-6 ,3.464504719660624E-5 ,1.4704474194080148E-5 ,3.5333356524146653E-5 ,9.716406715466437E-6 ,2.0301013265006936E-5 ,6.202529145808981E-6
369,9.810856124277256E-6 ,8.756802396051898E-5 ,6.483898613956042E-7 ,4.261124618379872E-6 ,4.859547280765064E-6 ,6.151226669236583E-6 ,3.0162761446998407E-5 ,0.7522671520890934 ,5.188703883678228E-6 ,0.2475841972770613
