0.31059998;0.748;0.833;0.7706;0.8186;0.8028;0.7688;0.8164;0.7522;0.7944;0.46060002;0.4604;0.7752;0.833;0.801;0.549;0.735;0.7904;0.833;0.8186;0.79219997;0.833;0.745;0.627;0.5732;0.8042;0.7252;0.7742;0.749;0.833;0.8042;0.40460002;0.8186;0.833;0.833;0.7858;0.833;0.833;0.833;0.833;0.729;0.775;0.5756;0.7018;0.6088;0.7682;0.7918;0.79219997;0.8126;0.7446;0.63240004;0.833;0.4256;0.833;0.8094;0.833;0.8186;0.7852;0.7682;0.7158;0.833;0.7792;0.807;0.7568;0.7946;0.7786;0.833;0.7034;0.8002;0.7464;0.5992;0.79;0.772;0.7648;0.777;0.833;0.833;0.833;0.6268;0.833;0.7156;0.773;0.8094;0.833;0.8028;0.833;0.7952;0.42360002;0.833;0.7658;0.8176;0.833;0.8148;0.776;0.7312;0.7576;0.833;0.833;0.8176;0.833;0.833;0.7904;0.7456;0.791;0.833;0.833;0.8164;0.5118;0.833;0.8164;0.6046;0.8018;0.833;0.7792;0.7356;0.8176;0.833;0.833;0.833;0.7536;0.833;0.7598;0.8148;0.833;0.72179997;0.7906;0.78859997;0.7206;0.7784;0.815;0.833;0.7576;0.72080004;0.833;0.8022;0.833;0.643;0.4282;0.833;0.8164;0.833;0.7838;0.833;0.796;0.706;0.833;0.8194;0.7594;0.7734;0.833;0.8042;0.8194;0.8058;0.7796;0.735;0.7422;0.805;0.7832;0.52779996;0.7668;0.8042;0.833;0.61660004;0.833;0.8164;0.833;0.73179996;0.7796;0.50119996;0.833;0.7224;0.7352;0.8148;0.7806;0.833;0.7784;0.4088;0.7912;0.8224;0.833;0.7912;0.8042;0.7578;0.772;0.6976;0.756;0.833;0.7636;0.833;0.7716;0.729;0.833;0.833;0.8094;0.777;0.7564;0.833;0.8094;0.7518;0.5798;0.802;0.719;0.7642;0.8016;0.7046;0.7578;0.759;0.7166;0.833;0.7554;0.748;0.833;0.76100004;0.833;0.833;0.7536;0.833;0.833;0.833;0.833;0.8132;0.7556;0.777;0.833;0.833;0.833;0.77680004;0.7708;0.6806;0.7848;0.833;
0.748;0.3406;0.833;0.77320004;0.833;0.8138;0.7982;0.8094;0.7874;0.5678;0.8042;0.776;0.7622;0.783;0.8094;0.78;0.781;0.74660003;0.833;0.833;0.7486;0.833;0.833;0.7762;0.7532;0.8142;0.8192;0.8168;0.6876;0.833;0.7544;0.7714;0.833;0.833;0.809;0.6904;0.833;0.833;0.7952;0.833;0.7982;0.8026;0.7556;0.8176;0.77680004;0.7772;0.74660003;0.7832;0.833;0.7996;0.7394;0.7952;0.7726;0.833;0.7996;0.833;0.833;0.8182;0.696;0.7796;0.7828;0.7754;0.8156;0.56700003;0.779;0.833;0.833;0.7844;0.80120003;0.7632;0.74039996;0.74660003;0.7116;0.74979997;0.8066;0.66639996;0.7616;0.833;0.6918;0.7952;0.7912;0.7254;0.833;0.7754;0.833;0.833;0.7298;0.73539996;0.633;0.8006;0.8128;0.7544;0.7832;0.7526;0.7336;0.7602;0.833;0.833;0.782;0.833;0.833;0.807;0.764;0.819;0.833;0.833;0.8094;0.7664;0.7132;0.80079997;0.8036;0.8072;0.833;0.8094;0.7518;0.8128;0.833;0.833;0.833;0.7606;0.833;0.833;0.833;0.833;0.728;0.74619997;0.7316;0.7612;0.7184;0.76100004;0.833;0.7602;0.7714;0.7634;0.8112;0.833;0.7524;0.7572;0.833;0.8112;0.7708;0.6746;0.809;0.7974;0.7892;0.833;0.8072;0.75380003;0.772;0.833;0.833;0.7364;0.68799996;0.801;0.8058;0.7352;0.7964;0.7946;0.7164;0.7908;0.8142;0.833;0.7674;0.833;0.8022;0.7754;0.7792;0.768;0.72679996;0.7544;0.833;0.73080003;0.833;0.833;0.833;0.7812;0.7734;0.833;0.7868;0.833;0.7266;0.833;0.7522;0.8072;0.6936;0.8026;0.7934;0.7918;0.7648;0.776;0.7982;0.833;0.833;0.7996;0.7774;0.7298;0.7884;0.7946;0.833;0.7918;0.7902;0.7096;0.8186;0.78180003;0.8096;0.7662;0.833;0.816;0.833;0.833;0.8052;0.8062;0.76919997;0.833;0.833;0.7934;0.7634;0.833;0.7794;0.833;0.73179996;0.7924;0.8066;0.7946;0.7754;0.833;0.833;0.82;0.7372;0.799;0.833;
0.833;0.833;0.0;0.6818;0.6818;0.6998;0.833;0.60220003;0.833;0.833;0.833;0.833;0.833;0.833;0.66980004;0.833;0.833;0.7298;0.833;0.65419996;0.833;0.833;0.833;0.833;0.833;0.833;0.833;0.833;0.833;0.43300003;0.5502;0.833;0.633;0.633;0.65419996;0.833;0.833;0.5502;0.5502;0.60220003;0.833;0.833;0.833;0.833;0.833;0.833;0.7434;0.833;0.60220003;0.833;0.833;0.5502;0.833;0.65419996;0.60220003;0.833;0.833;0.72220004;0.833;0.833;0.833;0.833;0.833;0.833;0.833;0.833;0.0;0.833;0.833;0.833;0.833;0.7262;0.833;0.833;0.833;0.833;0.833;0.633;0.833;0.60220003;0.833;0.833;0.60179996;0.833;0.833;0.43300003;0.7634;0.833;0.833;0.833;0.6818;0.5502;0.833;0.7358;0.833;0.833;0.60220003;0.43300003;0.833;0.833;0.5502;0.833;0.833;0.833;0.833;0.833;0.633;0.833;0.833;0.66980004;0.833;0.833;0.833;0.633;0.833;0.6818;0.43300003;0.833;0.43300003;0.833;0.66980004;0.833;0.5502;0.43300003;0.833;0.7562;0.7598;0.833;0.833;0.833;0.633;0.833;0.833;0.833;0.6818;0.60220003;0.7698;0.833;0.43300003;0.833;0.833;0.833;0.833;0.833;0.833;0.5502;0.833;0.7478;0.833;0.833;0.66980004;0.833;0.833;0.833;0.833;0.833;0.833;0.833;0.833;0.833;0.833;0.5502;0.833;0.60220003;0.66980004;0.833;0.833;0.833;0.833;0.5502;0.833;0.833;0.633;0.833;0.43300003;0.833;0.833;0.6914;0.833;0.5502;0.65419996;0.5502;0.833;0.633;0.833;0.833;0.833;0.833;0.833;0.6914;0.833;0.0;0.43300003;0.60220003;0.833;0.833;0.833;0.833;0.833;0.833;0.833;0.833;0.833;0.833;0.833;0.833;0.833;0.833;0.833;0.833;0.833;0.833;0.833;0.833;0.833;0.833;0.833;0.833;0.833;0.833;0.833;0.833;0.833;0.833;0.833;0.833;0.833;0.833;0.72220004;0.833;0.833;
0.7706;0.77320004;0.6818;0.3826;0.65639997;0.706;0.833;0.6878;0.7968;0.7614;0.7852;0.7988;0.7644;0.833;0.69;0.7716;0.81200004;0.7342;0.8078;0.6954;0.7996;0.833;0.833;0.8034;0.8006;0.7996;0.79620004;0.833;0.7802;0.75740004;0.61899996;0.79620004;0.65;0.7952;0.7694;0.73759997;0.8108;0.7796;0.7324;0.7894;0.79260004;0.798;0.7636;0.7946;0.7916;0.7986;0.76960003;0.818;0.7894;0.7758;0.7516;0.679;0.7968;0.7058;0.70739996;0.7858;0.75740004;0.791;0.7374;0.8146;0.7946;0.833;0.833;0.6688;0.7672;0.833;0.6818;0.833;0.7996;0.818;0.7256;0.763;0.7724;0.833;0.8026;0.833;0.833;0.7952;0.7562;0.7422;0.833;0.788;0.7458;0.833;0.78859997;0.75740004;0.74380004;0.7984;0.833;0.7672;0.7198;0.726;0.833;0.7688;0.7992;0.773;0.7458;0.75740004;0.833;0.7662;0.7796;0.8064;0.819;0.777;0.833;0.833;0.7372;0.7838;0.833;0.6572;0.7704;0.816;0.833;0.71000004;0.781;0.722;0.75740004;0.833;0.75740004;0.7566;0.8022;0.833;0.7458;0.75740004;0.833;0.72679996;0.754;0.7984;0.8112;0.8038;0.7952;0.773;0.775;0.7996;0.7254;0.7894;0.7774;0.7968;0.75740004;0.833;0.833;0.8102;0.833;0.7918;0.76600003;0.7796;0.833;0.7736;0.7594;0.7806;0.724;0.833;0.8078;0.792;0.833;0.64559996;0.833;0.8112;0.7552;0.7606;0.809;0.7796;0.7678;0.7894;0.69159997;0.833;0.8138;0.7638;0.7648;0.726;0.833;0.8164;0.7614;0.7826;0.75740004;0.7598;0.7974;0.7822;0.7756;0.7796;0.6932;0.726;0.81200004;0.65999997;0.774;0.798;0.7872;0.8128;0.833;0.4238;0.79260004;0.6818;0.75740004;0.7894;0.7544;0.78540003;0.8078;0.7804;0.833;0.7532;0.8152;0.763;0.833;0.82019997;0.7748;0.8184;0.8058;0.79359996;0.778;0.8138;0.8158;0.7998;0.833;0.7858;0.833;0.78139997;0.7996;0.7806;0.833;0.7724;0.8168;0.8158;0.8026;0.78859997;0.833;0.833;0.7918;0.8016;0.7118;0.749;0.7872;
0.8186;0.833;0.6818;0.65639997;0.3794;0.61800003;0.833;0.6552;0.7756;0.833;0.8156;0.833;0.7562;0.833;0.6356;0.7846;0.833;0.6786;0.7774;0.657;0.833;0.833;0.833;0.8194;0.8006;0.8062;0.7714;0.7904;0.833;0.75740004;0.726;0.833;0.6074;0.7952;0.7992;0.7952;0.833;0.7796;0.7796;0.7894;0.833;0.8154;0.6768;0.79219997;0.8196;0.8164;0.7526;0.8172;0.7894;0.81340003;0.82;0.7796;0.833;0.6368;0.70500004;0.833;0.833;0.7714;0.81340003;0.7994;0.8126;0.833;0.833;0.7938;0.7632;0.833;0.6818;0.833;0.833;0.8196;0.7968;0.74520004;0.833;0.833;0.8006;0.833;0.833;0.7952;0.82;0.7894;0.7594;0.8106;0.7458;0.833;0.833;0.75740004;0.7428;0.833;0.833;0.833;0.80439997;0.7796;0.833;0.7826;0.833;0.81659997;0.7458;0.75740004;0.833;0.833;0.7796;0.8178;0.8198;0.8158;0.833;0.833;0.7046;0.8172;0.833;0.6616;0.7924;0.833;0.833;0.7066;0.80799997;0.80439997;0.75740004;0.833;0.75740004;0.8028;0.8022;0.7698;0.7796;0.75740004;0.833;0.69299996;0.73899996;0.8158;0.833;0.833;0.7952;0.81659997;0.7216;0.833;0.6688;0.7894;0.7978;0.833;0.75740004;0.833;0.833;0.833;0.833;0.81159997;0.7792;0.7796;0.774;0.7872;0.7802;0.833;0.6694;0.833;0.8094;0.833;0.833;0.833;0.833;0.8112;0.8168;0.833;0.833;0.7796;0.6902;0.7894;0.6974;0.833;0.833;0.7986;0.833;0.7796;0.833;0.8154;0.7952;0.7142;0.75740004;0.79760003;0.833;0.8062;0.7934;0.7796;0.681;0.7796;0.833;0.66040003;0.8148;0.7582;0.833;0.833;0.833;0.6868;0.833;0.6818;0.75740004;0.7894;0.833;0.833;0.833;0.8126;0.833;0.80120003;0.833;0.7722;0.833;0.833;0.769;0.833;0.7714;0.833;0.833;0.7884;0.79760003;0.7978;0.833;0.833;0.833;0.833;0.833;0.833;0.833;0.833;0.8158;0.6674;0.8006;0.833;0.833;0.833;0.7862;0.74660003;0.77;0.833;0.833;
0.8028;0.8138;0.6998;0.706;0.61800003;0.32419997;0.833;0.73399997;0.78859997;0.833;0.833;0.833;0.7596;0.8152;0.43620002;0.8006;0.833;0.7314;0.833;0.6372;0.833;0.833;0.833;0.82019997;0.8142;0.833;0.7948;0.7838;0.82060003;0.7664;0.7386;0.833;0.626;0.7996;0.8032;0.7776;0.833;0.7858;0.7858;0.7946;0.833;0.833;0.7586;0.8094;0.833;0.833;0.8032;0.8032;0.7946;0.833;0.8054;0.7858;0.833;0.6704;0.7474;0.833;0.8094;0.7734;0.7992;0.833;0.833;0.833;0.80840003;0.7562;0.7372;0.833;0.6998;0.8148;0.833;0.805;0.74520004;0.7844;0.8094;0.833;0.8026;0.833;0.833;0.7996;0.818;0.7946;0.78139997;0.8072;0.7562;0.833;0.833;0.7664;0.7946;0.833;0.833;0.833;0.7826;0.7858;0.833;0.8006;0.833;0.8184;0.7946;0.7664;0.833;0.833;0.7858;0.833;0.8178;0.833;0.833;0.833;0.73899996;0.7998;0.833;0.6936;0.8062;0.774;0.833;0.6786;0.833;0.7826;0.7664;0.833;0.7664;0.8156;0.8058;0.833;0.756;0.7664;0.833;0.727;0.77;0.8132;0.7946;0.7974;0.7996;0.8184;0.74660003;0.7524;0.4462;0.7946;0.799;0.833;0.7664;0.833;0.745;0.833;0.833;0.833;0.7934;0.7858;0.7964;0.8046;0.7424;0.833;0.69560003;0.833;0.7588;0.833;0.833;0.833;0.833;0.8138;0.8142;0.7842;0.833;0.7858;0.7772;0.7946;0.6972;0.7514;0.833;0.8172;0.833;0.7858;0.833;0.8126;0.7698;0.76559997;0.7664;0.7772;0.833;0.8094;0.833;0.7858;0.7176;0.7388;0.796;0.66359997;0.77639997;0.7902;0.833;0.833;0.833;0.7092;0.833;0.6998;0.7664;0.7176;0.8094;0.8184;0.833;0.8094;0.833;0.7716;0.833;0.833;0.7868;0.833;0.8148;0.833;0.833;0.833;0.833;0.833;0.776;0.833;0.833;0.833;0.833;0.80079997;0.7524;0.833;0.833;0.833;0.8132;0.7916;0.8026;0.833;0.833;0.833;0.833;0.833;0.7008;0.7454;0.833;
0.7688;0.7982;0.833;0.833;0.833;0.833;0.11140001;0.833;0.833;0.833;0.8192;0.833;0.7738;0.833;0.833;0.792;0.833;0.7832;0.7856;0.833;0.7726;0.833;0.833;0.76919997;0.804;0.833;0.8002;0.7946;0.7704;0.833;0.833;0.833;0.833;0.833;0.833;0.8002;0.7914;0.833;0.833;0.833;0.833;0.833;0.68560004;0.833;0.7496;0.7904;0.7832;0.5624;0.833;0.833;0.7866;0.833;0.833;0.833;0.7598;0.7902;0.833;0.833;0.833;0.476;0.833;0.833;0.63339996;0.7436;0.833;0.11140001;0.833;0.833;0.8014;0.809;0.73800004;0.7832;0.7762;0.72080004;0.7458;0.833;0.833;0.833;0.8114;0.833;0.7894;0.737;0.833;0.833;0.7914;0.833;0.7612;0.833;0.833;0.833;0.833;0.833;0.833;0.7866;0.7694;0.8052;0.7694;0.833;0.833;0.833;0.833;0.7822;0.49159998;0.833;0.833;0.833;0.833;0.833;0.833;0.833;0.7184;0.793;0.833;0.833;0.833;0.833;0.833;0.833;0.833;0.74880004;0.833;0.833;0.833;0.833;0.7234;0.7842;0.7648;0.8184;0.708;0.7774;0.7694;0.8052;0.833;0.7602;0.833;0.833;0.6598;0.8168;0.833;0.833;0.833;0.7946;0.72819996;0.833;0.6438;0.833;0.7338;0.7874;0.833;0.7856;0.833;0.7906;0.7906;0.36220002;0.3706;0.77820003;0.6586;0.7638;0.804;0.7888;0.748;0.833;0.7724;0.833;0.833;0.833;0.833;0.5066;0.804;0.833;0.833;0.8028;0.833;0.833;0.833;0.7978;0.833;0.833;0.8002;0.833;0.806;0.833;0.4202;0.833;0.8002;0.833;0.833;0.833;0.833;0.833;0.833;0.833;0.833;0.833;0.7906;0.6812;0.7694;0.7812;0.833;0.792;0.8188;0.70379996;0.833;0.8086;0.8068;0.7776;0.7838;0.793;0.7832;0.7974;0.7714;0.803;0.833;0.7902;0.833;0.73899996;0.7602;0.7856;0.7058;0.77820003;0.833;0.8024;0.7458;0.833;0.833;0.7726;0.7958;0.8046;0.833;0.833;0.833;
0.8164;0.8094;0.60220003;0.6878;0.6552;0.73399997;0.833;0.2446;0.78859997;0.833;0.833;0.833;0.7784;0.8112;0.6746;0.8152;0.8072;0.64460003;0.833;0.68700004;0.833;0.833;0.833;0.833;0.833;0.8042;0.833;0.833;0.80079997;0.7176;0.612;0.833;0.5782;0.7752;0.78139997;0.7698;0.833;0.7514;0.6936;0.7664;0.7838;0.79;0.8004;0.8094;0.8022;0.76559997;0.6926;0.7706;0.7664;0.7858;0.8026;0.7514;0.833;0.65680003;0.6052;0.833;0.833;0.7464;0.8126;0.8104;0.8094;0.833;0.833;0.7194;0.75020003;0.833;0.60220003;0.833;0.704;0.784;0.79219997;0.6788;0.8042;0.833;0.7582;0.833;0.7112;0.56299996;0.7672;0.70860004;0.833;0.8072;0.6526;0.833;0.833;0.7176;0.6598;0.8132;0.833;0.80840003;0.7894;0.7514;0.833;0.6076;0.79219997;0.7974;0.6524;0.7176;0.833;0.833;0.7514;0.833;0.833;0.8132;0.833;0.833;0.3826;0.7964;0.833;0.68079996;0.818;0.833;0.833;0.70860004;0.7734;0.7894;0.7176;0.833;0.7176;0.779;0.7858;0.833;0.6632;0.7176;0.833;0.662;0.6958;0.833;0.833;0.833;0.7752;0.7974;0.8104;0.833;0.7586;0.7664;0.7706;0.833;0.7176;0.833;0.833;0.80840003;0.833;0.7838;0.8104;0.7514;0.833;0.70159996;0.7408;0.833;0.6766;0.7674;0.833;0.833;0.833;0.833;0.833;0.776;0.8142;0.833;0.8042;0.7514;0.7718;0.7664;0.7622;0.833;0.8094;0.7428;0.8142;0.7514;0.833;0.833;0.68700004;0.833;0.7176;0.7298;0.833;0.79219997;0.81200004;0.7514;0.646;0.7514;0.833;0.6038;0.833;0.7902;0.833;0.80840003;0.833;0.765;0.7838;0.60220003;0.7176;0.672;0.833;0.8016;0.833;0.8094;0.833;0.73660004;0.833;0.7364;0.8126;0.795;0.7974;0.833;0.833;0.833;0.833;0.833;0.833;0.833;0.7846;0.833;0.833;0.8148;0.833;0.833;0.833;0.833;0.7934;0.833;0.7582;0.833;0.833;0.833;0.833;0.833;0.7784;0.7848;0.833;
0.7522;0.7874;0.833;0.7968;0.7756;0.78859997;0.833;0.78859997;0.28460002;0.833;0.82019997;0.833;0.833;0.833;0.7918;0.8208;0.74660003;0.8118;0.833;0.81340003;0.833;0.833;0.833;0.833;0.7956;0.833;0.77680004;0.7506;0.76919997;0.833;0.833;0.833;0.81340003;0.833;0.833;0.833;0.833;0.833;0.833;0.833;0.385;0.34399998;0.8126;0.7856;0.833;0.59459996;0.8118;0.8086;0.833;0.38919997;0.7722;0.833;0.833;0.7594;0.7702;0.833;0.8142;0.8028;0.833;0.8022;0.8176;0.833;0.7978;0.7636;0.792;0.833;0.833;0.821;0.8192;0.5248;0.73300004;0.8118;0.833;0.833;0.783;0.833;0.833;0.833;0.7836;0.833;0.7984;0.7984;0.833;0.833;0.8146;0.833;0.814;0.833;0.833;0.8162;0.833;0.833;0.833;0.81299996;0.833;0.78499997;0.833;0.833;0.833;0.833;0.833;0.8002;0.8126;0.6596;0.833;0.833;0.78859997;0.8086;0.833;0.8168;0.77320004;0.821;0.833;0.78859997;0.81200004;0.833;0.833;0.833;0.833;0.5214;0.833;0.833;0.833;0.833;0.833;0.8122;0.81299996;0.77639997;0.779;0.833;0.833;0.78499997;0.833;0.833;0.7918;0.833;0.7112;0.833;0.833;0.833;0.833;0.8;0.833;0.8;0.745;0.833;0.833;0.81340003;0.7846;0.833;0.775;0.833;0.7968;0.81700003;0.833;0.8104;0.833;0.833;0.8076;0.7924;0.7946;0.833;0.7808;0.833;0.8176;0.833;0.8016;0.7948;0.833;0.833;0.833;0.7722;0.833;0.7842;0.833;0.7262;0.833;0.7984;0.8186;0.833;0.833;0.833;0.7874;0.7842;0.703;0.39099997;0.833;0.4608;0.833;0.7968;0.3682;0.833;0.833;0.7702;0.833;0.833;0.833;0.8016;0.833;0.8088;0.8204;0.6998;0.833;0.833;0.7496;0.8096;0.833;0.8;0.833;0.833;0.7642;0.833;0.8028;0.833;0.833;0.7842;0.833;0.833;0.833;0.833;0.7672;0.7776;0.783;0.833;0.833;0.833;0.833;0.82;0.73759997;0.7372;0.833;
0.7944;0.5678;0.833;0.7614;0.833;0.833;0.833;0.833;0.833;0.075399995;0.833;0.833;0.80480003;0.8032;0.833;0.833;0.833;0.7958;0.7992;0.833;0.6936;0.672;0.7882;0.833;0.7894;0.7882;0.833;0.833;0.75839996;0.833;0.699;0.833;0.833;0.833;0.833;0.6634;0.8032;0.833;0.833;0.833;0.833;0.833;0.833;0.833;0.816;0.7842;0.7958;0.833;0.833;0.833;0.79719996;0.833;0.833;0.833;0.833;0.8014;0.7992;0.833;0.71599996;0.833;0.80480003;0.833;0.7758;0.5818;0.8154;0.833;0.833;0.833;0.806;0.833;0.8014;0.7958;0.726;0.833;0.8124;0.6142;0.689;0.833;0.7638;0.833;0.833;0.7992;0.833;0.7882;0.833;0.833;0.8;0.7872;0.6142;0.74880004;0.833;0.699;0.5872;0.7984;0.6236;0.81340003;0.833;0.833;0.6182;0.7882;0.833;0.809;0.7978;0.833;0.833;0.833;0.833;0.833;0.5842;0.833;0.833;0.76240003;0.833;0.833;0.6674;0.833;0.833;0.7434;0.833;0.79260004;0.833;0.833;0.833;0.833;0.6936;0.7966;0.7984;0.833;0.6646;0.71140003;0.833;0.81340003;0.728;0.7882;0.833;0.833;0.7286;0.833;0.833;0.672;0.62880003;0.7614;0.793;0.80480003;0.833;0.833;0.833;0.799;0.8164;0.7992;0.833;0.7482;0.582;0.7784;0.833;0.6162;0.833;0.7964;0.7894;0.8014;0.8014;0.833;0.833;0.833;0.833;0.6434;0.833;0.7884;0.7894;0.699;0.833;0.7856;0.833;0.833;0.833;0.8082;0.833;0.833;0.806;0.833;0.7482;0.833;0.7206;0.833;0.6422;0.833;0.8032;0.833;0.6954;0.76600003;0.833;0.833;0.833;0.833;0.74;0.7722;0.7882;0.7964;0.833;0.833;0.8072;0.833;0.80480003;0.8014;0.814;0.80480003;0.7964;0.80480003;0.7992;0.8072;0.81;0.8106;0.80480003;0.8014;0.538;0.81;0.7882;0.7992;0.7882;0.7964;0.7798;0.81;0.8124;0.8032;0.7882;0.833;0.806;0.8114;0.833;0.8072;0.8032;
0.46060002;0.8042;0.833;0.7852;0.8156;0.833;0.8192;0.833;0.82019997;0.833;0.17220002;0.301;0.76960003;0.807;0.833;0.49199998;0.74399996;0.833;0.7968;0.833;0.787;0.833;0.833;0.554;0.46499997;0.833;0.723;0.796;0.7956;0.833;0.833;0.23140001;0.833;0.833;0.833;0.7944;0.8016;0.833;0.833;0.7836;0.8054;0.82019997;0.51339996;0.7198;0.56060004;0.7996;0.833;0.7546;0.833;0.8064;0.611;0.833;0.24400002;0.833;0.833;0.8006;0.833;0.8186;0.82;0.80840003;0.833;0.623;0.833;0.7988;0.807;0.833;0.833;0.6842;0.8216;0.8142;0.61399996;0.833;0.8148;0.777;0.8118;0.833;0.833;0.833;0.5638;0.833;0.802;0.7858;0.833;0.833;0.704;0.833;0.8224;0.2942;0.833;0.7622;0.833;0.833;0.786;0.833;0.81;0.8018;0.833;0.833;0.833;0.833;0.833;0.8146;0.8018;0.7364;0.7682;0.833;0.833;0.43260002;0.833;0.833;0.59959996;0.833;0.833;0.7932;0.796;0.833;0.833;0.833;0.833;0.7992;0.833;0.833;0.833;0.833;0.75339997;0.833;0.8248;0.72360003;0.77680004;0.833;0.833;0.8018;0.779;0.7776;0.833;0.833;0.6522;0.25779998;0.833;0.7956;0.833;0.833;0.795;0.833;0.782;0.833;0.8006;0.815;0.8;0.76100004;0.8142;0.8178;0.833;0.8066;0.8222;0.8142;0.833;0.80480003;0.4842;0.76600003;0.773;0.833;0.57280004;0.833;0.833;0.833;0.737;0.8222;0.38599998;0.833;0.7156;0.74979997;0.833;0.796;0.833;0.8076;0.25379997;0.833;0.8212;0.833;0.833;0.833;0.779;0.7894;0.7676;0.8212;0.833;0.8094;0.833;0.7852;0.8054;0.833;0.833;0.833;0.8168;0.8142;0.8178;0.8066;0.7458;0.52320004;0.8222;0.7276;0.8086;0.833;0.77279997;0.8118;0.7954;0.7786;0.75740004;0.806;0.8212;0.787;0.8058;0.8006;0.833;0.8006;0.7776;0.7968;0.833;0.7912;0.8218;0.8098;0.8118;0.833;0.833;0.7872;0.77639997;0.8112;0.672;0.833;0.8016;
0.4604;0.776;0.833;0.7988;0.833;0.833;0.833;0.833;0.833;0.833;0.301;0.14539999;0.78180003;0.833;0.833;0.4688;0.76960003;0.82379997;0.833;0.833;0.833;0.833;0.833;0.527;0.46600002;0.833;0.7316;0.77639997;0.77279997;0.833;0.833;0.14539999;0.833;0.833;0.81200004;0.7798;0.833;0.833;0.833;0.833;0.833;0.833;0.5114;0.728;0.47399998;0.833;0.82379997;0.8224;0.833;0.833;0.5202;0.833;0.1728;0.833;0.833;0.833;0.833;0.8046;0.7952;0.8094;0.833;0.7224;0.8172;0.7902;0.82420003;0.833;0.833;0.71000004;0.833;0.833;0.6108;0.82379997;0.7758;0.7912;0.8114;0.833;0.833;0.833;0.578;0.833;0.8004;0.7504;0.833;0.833;0.833;0.833;0.8248;0.21539998;0.833;0.7736;0.8138;0.833;0.833;0.8244;0.7872;0.79;0.833;0.833;0.788;0.833;0.833;0.8236;0.76199996;0.8164;0.833;0.833;0.833;0.3316;0.833;0.833;0.597;0.833;0.833;0.7912;0.7942;0.8152;0.833;0.7858;0.833;0.8088;0.833;0.833;0.833;0.833;0.7494;0.824;0.8244;0.7168;0.7842;0.7918;0.833;0.79;0.776;0.833;0.833;0.833;0.6196;0.18760002;0.833;0.833;0.833;0.8188;0.7942;0.833;0.7798;0.833;0.833;0.8246;0.8248;0.833;0.833;0.833;0.81200004;0.833;0.7866;0.833;0.833;0.7842;0.4418;0.833;0.7838;0.833;0.54859996;0.833;0.833;0.833;0.732;0.8218;0.3244;0.833;0.70879996;0.7454;0.833;0.81200004;0.833;0.79620004;0.17140001;0.833;0.833;0.833;0.833;0.833;0.8046;0.7872;0.7678;0.833;0.8006;0.823;0.833;0.7988;0.833;0.833;0.833;0.833;0.8164;0.7176;0.79359996;0.8138;0.7414;0.4788;0.8082;0.7442;0.8074;0.824;0.833;0.8002;0.833;0.7914;0.833;0.833;0.8094;0.833;0.8046;0.833;0.833;0.8224;0.833;0.833;0.7858;0.833;0.833;0.833;0.8114;0.833;0.833;0.833;0.833;0.833;0.6786;0.833;0.833;
0.7752;0.7622;0.833;0.7644;0.7562;0.7596;0.7738;0.7784;0.833;0.80480003;0.76960003;0.78180003;0.43300003;0.81200004;0.7804;0.78499997;0.833;0.7762;0.75339997;0.754;0.7066;0.7964;0.8014;0.74979997;0.7838;0.8014;0.7734;0.7658;0.78;0.833;0.7882;0.7938;0.75020003;0.833;0.80480003;0.6764;0.81200004;0.833;0.7436;0.7648;0.81159997;0.833;0.71000004;0.7944;0.74259996;0.7866;0.8082;0.76960003;0.833;0.833;0.7338;0.7882;0.7776;0.8014;0.833;0.8106;0.7348;0.833;0.6972;0.7796;0.7948;0.833;0.833;0.731;0.7702;0.791;0.833;0.8172;0.7982;0.8038;0.74619997;0.7756;0.625;0.76240003;0.8184;0.833;0.814;0.833;0.7378;0.7436;0.736;0.695;0.833;0.8014;0.81200004;0.833;0.7802;0.7792;0.833;0.6502;0.75339997;0.833;0.73179996;0.81;0.77320004;0.7608;0.8014;0.833;0.7822;0.8014;0.833;0.7892;0.8054;0.7702;0.7434;0.833;0.7784;0.7848;0.8014;0.7456;0.76100004;0.7988;0.833;0.7784;0.68579996;0.7554;0.833;0.7698;0.833;0.7758;0.833;0.7698;0.80480003;0.833;0.6862;0.7642;0.7618;0.7852;0.6728;0.7226;0.8014;0.7608;0.74259996;0.8014;0.7822;0.833;0.7702;0.7946;0.833;0.7418;0.833;0.809;0.593;0.7916;0.7652;0.833;0.833;0.7856;0.774;0.809;0.7822;0.8094;0.7602;0.7754;0.7516;0.74399996;0.833;0.5676;0.7544;0.8106;0.65639997;0.833;0.7992;0.833;0.7482;0.833;0.8126;0.7526;0.71959996;0.833;0.833;0.78180003;0.80480003;0.833;0.833;0.6696;0.7952;0.833;0.814;0.833;0.764;0.7882;0.75839996;0.7698;0.759;0.796;0.81200004;0.8196;0.8148;0.76600003;0.833;0.833;0.833;0.833;0.7646;0.7274;0.6644;0.6546;0.833;0.7558;0.8148;0.7912;0.7954;0.7984;0.8196;0.7992;0.8072;0.771;0.75699997;0.8148;0.765;0.7504;0.7482;0.8106;0.7964;0.768;0.8014;0.809;0.61179996;0.8072;0.7646;0.7808;0.8184;0.81200004;0.7332;0.833;0.814;0.8176;0.7686;0.7356;0.81200004;
0.833;0.783;0.833;0.833;0.833;0.8152;0.833;0.8112;0.833;0.8032;0.807;0.833;0.81200004;0.21899998;0.8112;0.8068;0.833;0.7852;0.8078;0.8142;0.7996;0.7946;0.7996;0.7876;0.807;0.7808;0.8192;0.8168;0.7144;0.833;0.833;0.833;0.8142;0.833;0.833;0.7848;0.8108;0.833;0.833;0.833;0.833;0.833;0.8106;0.8022;0.7774;0.8204;0.79760003;0.7568;0.833;0.833;0.76559997;0.833;0.8188;0.833;0.833;0.8094;0.8078;0.7702;0.8164;0.7298;0.4256;0.7754;0.833;0.7716;0.6768;0.833;0.833;0.7184;0.3886;0.8228;0.7862;0.7848;0.8032;0.833;0.7934;0.6946;0.28539997;0.833;0.7106;0.833;0.833;0.7706;0.8022;0.7996;0.833;0.833;0.8028;0.82;0.6946;0.8128;0.833;0.833;0.7946;0.7882;0.8032;0.7544;0.833;0.833;0.8078;0.7996;0.833;0.52540004;0.7982;0.833;0.833;0.833;0.8112;0.821;0.7996;0.833;0.7772;0.78499997;0.833;0.833;0.8094;0.833;0.833;0.7662;0.833;0.8216;0.833;0.833;0.833;0.833;0.7996;0.7874;0.80120003;0.833;0.775;0.5362;0.833;0.7544;0.833;0.735;0.8128;0.7644;0.7168;0.833;0.833;0.7946;0.833;0.7422;0.8032;0.5308;0.833;0.833;0.7792;0.7904;0.68579996;0.8078;0.833;0.6472;0.7614;0.8176;0.833;0.7996;0.833;0.8058;0.7932;0.7704;0.8094;0.833;0.8062;0.833;0.833;0.833;0.8176;0.8168;0.833;0.833;0.833;0.833;0.833;0.833;0.833;0.7154;0.833;0.833;0.486;0.833;0.833;0.833;0.8034;0.833;0.7792;0.833;0.38919997;0.833;0.30980003;0.833;0.833;0.833;0.833;0.8022;0.8108;0.736;0.7596;0.8058;0.833;0.8214;0.4288;0.73800004;0.7686;0.42400002;0.7954;0.50119996;0.8058;0.81200004;0.8078;0.7428;0.7384;0.8164;0.81200004;0.8094;0.7946;0.7042;0.735;0.8078;0.7996;0.8058;0.4626;0.7858;0.7934;0.3258;0.7996;0.833;0.8128;0.7894;0.747;0.8138;0.7742;
0.801;0.8094;0.66980004;0.69;0.6356;0.43620002;0.833;0.6746;0.7918;0.833;0.833;0.833;0.7804;0.8112;0.43300003;0.81659997;0.833;0.74039996;0.833;0.678;0.833;0.833;0.833;0.8172;0.8156;0.833;0.7924;0.7874;0.833;0.7514;0.6598;0.833;0.629;0.79219997;0.7964;0.7924;0.833;0.7752;0.7752;0.7858;0.833;0.833;0.7888;0.8112;0.833;0.833;0.7804;0.7964;0.7858;0.833;0.8038;0.7752;0.833;0.6586;0.69519997;0.833;0.8042;0.7668;0.7916;0.833;0.833;0.833;0.8102;0.7478;0.7562;0.833;0.66980004;0.816;0.833;0.8034;0.7554;0.7734;0.8042;0.833;0.7982;0.833;0.833;0.79219997;0.8192;0.7858;0.7852;0.809;0.7386;0.833;0.833;0.7514;0.7672;0.833;0.833;0.833;0.7712;0.7752;0.833;0.7784;0.833;0.8152;0.7388;0.7514;0.833;0.833;0.7752;0.833;0.819;0.833;0.833;0.833;0.728;0.7978;0.833;0.6628;0.80480003;0.7738;0.833;0.697;0.833;0.7712;0.7514;0.833;0.7514;0.8168;0.7996;0.833;0.7386;0.7514;0.833;0.7322;0.775;0.8146;0.7858;0.8002;0.79219997;0.8152;0.7702;0.73440003;0.47860003;0.7858;0.795;0.833;0.7514;0.833;0.7516;0.833;0.833;0.833;0.7964;0.7752;0.7992;0.7836;0.7604;0.833;0.6862;0.833;0.742;0.833;0.833;0.833;0.833;0.8094;0.8156;0.7734;0.833;0.7752;0.7968;0.7858;0.69920003;0.75740004;0.833;0.7946;0.833;0.7752;0.833;0.8142;0.7556;0.7706;0.7514;0.77680004;0.833;0.8042;0.833;0.7752;0.7164;0.7176;0.7878;0.643;0.7636;0.7932;0.833;0.833;0.833;0.7248;0.833;0.66980004;0.7514;0.7386;0.8042;0.8152;0.833;0.8112;0.833;0.781;0.833;0.8002;0.7902;0.833;0.816;0.833;0.833;0.833;0.833;0.833;0.7752;0.833;0.833;0.833;0.833;0.7938;0.73440003;0.833;0.833;0.833;0.8146;0.7946;0.7982;0.833;0.833;0.833;0.833;0.833;0.719;0.74020004;0.833;
0.549;0.78;0.833;0.7716;0.7846;0.8006;0.792;0.8152;0.8208;0.833;0.49199998;0.4688;0.78499997;0.8068;0.81659997;0.3862;0.77820003;0.779;0.7988;0.798;0.8112;0.833;0.833;0.6408;0.5978;0.8176;0.7332;0.7964;0.7682;0.833;0.833;0.42299998;0.7958;0.833;0.7938;0.7716;0.803;0.833;0.8022;0.833;0.8066;0.8208;0.5622;0.74039996;0.6388;0.81159997;0.7988;0.77;0.833;0.8076;0.65180004;0.8022;0.445;0.7938;0.833;0.8022;0.833;0.806;0.786;0.7444;0.794;0.7754;0.8052;0.7756;0.7838;0.8038;0.833;0.7536;0.798;0.815;0.67359996;0.7988;0.8142;0.8112;0.773;0.833;0.806;0.833;0.6616;0.8022;0.816;0.7992;0.833;0.833;0.7586;0.833;0.8026;0.4536;0.833;0.7904;0.8152;0.833;0.833;0.7826;0.809;0.7738;0.833;0.833;0.833;0.833;0.833;0.769;0.7662;0.807;0.833;0.833;0.8152;0.54139996;0.833;0.8066;0.6064;0.8232;0.833;0.7934;0.7798;0.81659997;0.833;0.7894;0.833;0.80079997;0.833;0.833;0.833;0.833;0.7894;0.781;0.7856;0.7582;0.805;0.795;0.833;0.7738;0.767;0.7804;0.81659997;0.833;0.68700004;0.44739997;0.833;0.833;0.833;0.8198;0.833;0.7928;0.7492;0.833;0.833;0.7844;0.7788;0.7988;0.8022;0.81340003;0.833;0.8058;0.7178;0.8152;0.77320004;0.805;0.5614;0.76919997;0.816;0.833;0.5962;0.833;0.8078;0.833;0.7804;0.78900003;0.5322;0.833;0.749;0.7874;0.833;0.7964;0.833;0.8208;0.4512;0.8192;0.79719996;0.833;0.7826;0.833;0.79219997;0.7894;0.7796;0.8218;0.77320004;0.80120003;0.8072;0.7716;0.8066;0.833;0.833;0.833;0.8006;0.7406;0.833;0.833;0.78499997;0.5572;0.7666;0.722;0.8196;0.7756;0.76600003;0.76;0.7618;0.718;0.797;0.7558;0.7642;0.7674;0.806;0.8022;0.833;0.7828;0.7804;0.7988;0.833;0.7934;0.7964;0.78859997;0.773;0.8038;0.833;0.7894;0.779;0.7712;0.725;0.8072;0.833;
0.735;0.781;0.833;0.81200004;0.833;0.833;0.833;0.8072;0.74660003;0.833;0.74399996;0.76960003;0.833;0.833;0.833;0.77820003;0.31980002;0.8082;0.833;0.779;0.7698;0.833;0.73660004;0.7866;0.75839996;0.8014;0.7542;0.59720004;0.7846;0.833;0.833;0.7482;0.779;0.833;0.833;0.81659997;0.833;0.833;0.833;0.833;0.71860003;0.74880004;0.7722;0.5582;0.7706;0.784;0.8082;0.7906;0.833;0.72319996;0.7456;0.833;0.7496;0.833;0.7964;0.833;0.833;0.8154;0.833;0.7802;0.833;0.69200003;0.833;0.7648;0.7978;0.833;0.833;0.53639996;0.8172;0.7666;0.7442;0.8082;0.833;0.46859998;0.7626;0.833;0.833;0.833;0.7832;0.833;0.80480003;0.7848;0.833;0.833;0.81200004;0.833;0.7964;0.7536;0.833;0.814;0.809;0.833;0.7648;0.81;0.833;0.772;0.833;0.833;0.833;0.833;0.833;0.8204;0.7998;0.787;0.833;0.833;0.8072;0.7594;0.833;0.833;0.756;0.833;0.833;0.7706;0.809;0.809;0.833;0.833;0.833;0.7612;0.833;0.833;0.833;0.833;0.833;0.8062;0.81;0.6194;0.8148;0.833;0.833;0.772;0.8082;0.833;0.833;0.833;0.701;0.7666;0.833;0.8072;0.833;0.814;0.833;0.814;0.7472;0.833;0.7524;0.8102;0.7772;0.7832;0.833;0.81200004;0.833;0.8148;0.833;0.8072;0.6984;0.833;0.74520004;0.7866;0.81299996;0.833;0.7662;0.833;0.833;0.833;0.371;0.8032;0.77;0.833;0.3322;0.5538;0.833;0.833;0.833;0.7838;0.7512;0.77320004;0.81659997;0.833;0.833;0.833;0.8154;0.7648;0.7284;0.75020003;0.833;0.7758;0.833;0.81200004;0.71860003;0.833;0.833;0.7964;0.833;0.833;0.833;0.833;0.31980002;0.7644;0.7862;0.704;0.7824;0.8036;0.77779996;0.81340003;0.833;0.7224;0.833;0.833;0.81659997;0.8014;0.7954;0.833;0.833;0.78180003;0.833;0.833;0.833;0.833;0.787;0.78499997;0.7626;0.833;0.833;0.833;0.794;0.8176;0.74039996;0.7958;0.7896;
0.7904;0.74660003;0.7298;0.7342;0.6786;0.7314;0.7832;0.64460003;0.8118;0.7958;0.833;0.82379997;0.7762;0.7852;0.74039996;0.779;0.8082;0.27100003;0.833;0.6596;0.833;0.833;0.833;0.7174;0.815;0.8052;0.801;0.833;0.69920003;0.69060004;0.7044;0.833;0.6704;0.696;0.7868;0.76559997;0.833;0.7598;0.76;0.732;0.8094;0.8124;0.7894;0.799;0.7948;0.8228;0.38239998;0.786;0.6342;0.8104;0.76559997;0.76;0.833;0.7288;0.7056;0.833;0.833;0.41619998;0.7566;0.7616;0.8092;0.7908;0.833;0.7144;0.794;0.7806;0.7298;0.8038;0.78;0.7718;0.7808;0.3354;0.76600003;0.8052;0.779;0.833;0.8088;0.696;0.7748;0.72099996;0.833;0.791;0.36220002;0.7908;0.8148;0.7298;0.48979998;0.80439997;0.833;0.833;0.794;0.7686;0.7924;0.366;0.833;0.7704;0.7312;0.7298;0.81340003;0.833;0.7964;0.773;0.7544;0.8234;0.833;0.833;0.62979996;0.7892;0.7908;0.699;0.7744;0.79620004;0.833;0.68299997;0.8;0.7596;0.7298;0.833;0.7298;0.7904;0.652;0.833;0.7734;0.7298;0.833;0.31559998;0.47399998;0.8032;0.7896;0.7646;0.7164;0.7704;0.7968;0.833;0.7252;0.57;0.6574;0.833;0.7298;0.833;0.833;0.7708;0.7684;0.7576;0.79219997;0.7964;0.7928;0.4056;0.75839996;0.833;0.69659996;0.7718;0.833;0.7842;0.7912;0.833;0.8062;0.7746;0.806;0.833;0.8052;0.6692;0.759;0.6342;0.6864;0.833;0.7944;0.7362;0.815;0.7686;0.833;0.8094;0.713;0.7868;0.7298;0.76240003;0.833;0.6996;0.801;0.7142;0.65400004;0.7964;0.7974;0.70379996;0.833;0.8124;0.8062;0.8212;0.8098;0.7202;0.8094;0.7298;0.7298;0.6984;0.8068;0.76100004;0.7808;0.786;0.833;0.759;0.8124;0.6958;0.7938;0.779;0.7986;0.8034;0.833;0.8222;0.833;0.8024;0.8228;0.7742;0.7948;0.833;0.833;0.77779996;0.833;0.833;0.7546;0.833;0.7716;0.81299996;0.779;0.82;0.833;0.833;0.833;0.8234;0.7736;0.8098;0.833;
0.833;0.833;0.833;0.8078;0.7774;0.833;0.7856;0.833;0.833;0.7992;0.7968;0.833;0.75339997;0.8078;0.833;0.7988;0.833;0.833;0.12419999;0.833;0.7952;0.7894;0.7952;0.8026;0.833;0.75740004;0.7774;0.833;0.8032;0.833;0.833;0.833;0.833;0.833;0.833;0.81340003;0.5378;0.833;0.833;0.833;0.833;0.833;0.7118;0.833;0.78900003;0.7022;0.833;0.833;0.833;0.833;0.833;0.833;0.833;0.833;0.833;0.6128;0.749;0.833;0.8142;0.833;0.809;0.833;0.833;0.7928;0.72940004;0.833;0.833;0.833;0.7914;0.833;0.8204;0.7602;0.7992;0.833;0.6368;0.833;0.8102;0.833;0.833;0.833;0.719;0.80439997;0.833;0.7952;0.6998;0.833;0.7968;0.833;0.833;0.8102;0.80439997;0.833;0.7894;0.833;0.7992;0.8;0.833;0.833;0.80439997;0.71959996;0.833;0.8128;0.833;0.8062;0.833;0.833;0.833;0.833;0.7952;0.833;0.833;0.809;0.833;0.833;0.7508;0.80439997;0.833;0.75740004;0.833;0.7994;0.833;0.6922;0.833;0.833;0.7952;0.833;0.80480003;0.833;0.8022;0.767;0.833;0.8;0.719;0.5676;0.833;0.833;0.7842;0.791;0.833;0.7894;0.833;0.833;0.7992;0.7852;0.7894;0.833;0.833;0.833;0.735;0.62119997;0.833;0.833;0.7468;0.833;0.796;0.7952;0.833;0.8022;0.833;0.5184;0.8062;0.833;0.8142;0.833;0.833;0.833;0.8112;0.833;0.833;0.833;0.833;0.833;0.833;0.833;0.833;0.81200004;0.833;0.833;0.7874;0.833;0.833;0.833;0.833;0.833;0.7672;0.833;0.7558;0.7994;0.8112;0.8078;0.833;0.833;0.833;0.833;0.8078;0.7862;0.7952;0.8022;0.833;0.7988;0.7742;0.8188;0.809;0.8062;0.6624;0.809;0.6426;0.809;0.5812;0.69659996;0.81340003;0.6774;0.809;0.6128;0.7894;0.81340003;0.5676;0.62119997;0.7952;0.5574;0.74979997;0.4146;0.6368;0.75740004;0.7952;0.67579997;0.66639996;0.61179996;0.833;0.7666;0.7558;
0.8186;0.833;0.65419996;0.6954;0.657;0.6372;0.833;0.68700004;0.81340003;0.833;0.833;0.833;0.754;0.8142;0.678;0.798;0.779;0.6596;0.833;0.36979997;0.833;0.833;0.833;0.8058;0.8006;0.80799997;0.7964;0.8062;0.7978;0.65419996;0.7198;0.833;0.4318;0.7882;0.793;0.7736;0.833;0.7698;0.7698;0.69200003;0.7902;0.81340003;0.7562;0.7606;0.793;0.8148;0.7592;0.768;0.78139997;0.81159997;0.8196;0.7698;0.833;0.6898;0.78139997;0.833;0.80799997;0.709;0.79719996;0.81340003;0.79219997;0.833;0.833;0.7572;0.7348;0.833;0.65419996;0.7884;0.833;0.74020004;0.79760003;0.7298;0.80799997;0.7792;0.8006;0.833;0.833;0.7882;0.833;0.678;0.833;0.833;0.6782;0.833;0.833;0.7436;0.7532;0.8158;0.833;0.833;0.7724;0.7698;0.8014;0.7386;0.833;0.8022;0.78139997;0.7436;0.833;0.833;0.7698;0.833;0.794;0.7988;0.833;0.833;0.60440004;0.8014;0.833;0.698;0.7948;0.769;0.833;0.60440004;0.833;0.7048;0.7436;0.833;0.7436;0.7862;0.7234;0.833;0.6982;0.7436;0.833;0.6602;0.7104;0.81340003;0.7634;0.833;0.69879997;0.8022;0.78859997;0.833;0.61759996;0.6666;0.7676;0.833;0.7436;0.833;0.833;0.833;0.833;0.7904;0.7792;0.7698;0.833;0.73080003;0.74020004;0.833;0.7148;0.833;0.8094;0.833;0.833;0.833;0.7844;0.8126;0.8168;0.833;0.833;0.6172;0.7174;0.69200003;0.628;0.833;0.7838;0.795;0.833;0.7698;0.7774;0.80799997;0.6272;0.7662;0.7436;0.7856;0.833;0.8014;0.7568;0.6666;0.7006;0.7198;0.7742;0.6812;0.8148;0.8148;0.833;0.81159997;0.833;0.6362;0.7902;0.65419996;0.7436;0.6998;0.80799997;0.804;0.833;0.833;0.7698;0.7516;0.833;0.8046;0.7648;0.833;0.7712;0.833;0.833;0.833;0.833;0.7912;0.8158;0.7978;0.833;0.833;0.833;0.799;0.833;0.833;0.833;0.833;0.8158;0.833;0.8006;0.833;0.833;0.833;0.833;0.8158;0.78859997;0.7912;0.833;
0.79219997;0.7486;0.833;0.7996;0.833;0.833;0.7726;0.833;0.833;0.6936;0.787;0.833;0.7066;0.7996;0.833;0.8112;0.7698;0.833;0.7952;0.833;0.23299998;0.7176;0.783;0.7946;0.787;0.783;0.833;0.833;0.833;0.833;0.833;0.833;0.833;0.833;0.7882;0.7298;0.7996;0.833;0.7622;0.833;0.833;0.833;0.8144;0.833;0.77639997;0.76;0.833;0.833;0.833;0.833;0.7954;0.7622;0.833;0.833;0.7752;0.79760003;0.7952;0.833;0.783;0.833;0.7726;0.833;0.833;0.7076;0.81340003;0.833;0.833;0.8106;0.8028;0.833;0.7496;0.833;0.7882;0.6098;0.81;0.833;0.8028;0.833;0.7436;0.7622;0.6882;0.7952;0.833;0.783;0.833;0.833;0.7414;0.833;0.833;0.7726;0.833;0.833;0.7176;0.833;0.7436;0.7894;0.833;0.833;0.6996;0.783;0.833;0.7862;0.833;0.833;0.833;0.833;0.833;0.833;0.783;0.8028;0.77820003;0.8014;0.833;0.833;0.7622;0.833;0.833;0.73300004;0.833;0.81159997;0.833;0.833;0.833;0.833;0.5106;0.833;0.797;0.7602;0.79219997;0.7458;0.833;0.7894;0.833;0.783;0.833;0.833;0.8014;0.833;0.833;0.63600004;0.833;0.833;0.7504;0.8014;0.781;0.833;0.833;0.833;0.8144;0.638;0.833;0.7662;0.7102;0.833;0.7858;0.5106;0.833;0.7346;0.81;0.79760003;0.73440003;0.833;0.833;0.833;0.8042;0.833;0.833;0.8094;0.833;0.833;0.833;0.758;0.833;0.833;0.833;0.74979997;0.833;0.833;0.7512;0.833;0.69879997;0.833;0.833;0.833;0.7406;0.833;0.7996;0.833;0.8042;0.7996;0.833;0.833;0.833;0.833;0.7664;0.77279997;0.783;0.7634;0.833;0.833;0.8042;0.833;0.8014;0.7784;0.81159997;0.7796;0.79219997;0.8014;0.7952;0.8042;0.8072;0.80799997;0.8014;0.79760003;0.64680004;0.8072;0.783;0.7952;0.783;0.79219997;0.7492;0.8072;0.81;0.7996;0.783;0.833;0.6792;0.8088;0.833;0.8042;0.6622;
0.833;0.833;0.833;0.833;0.833;0.833;0.833;0.833;0.833;0.672;0.833;0.833;0.7964;0.7946;0.833;0.833;0.833;0.833;0.7894;0.833;0.7176;0.43300003;0.7752;0.833;0.833;0.7752;0.833;0.833;0.833;0.833;0.833;0.833;0.833;0.833;0.833;0.7138;0.7946;0.833;0.833;0.833;0.833;0.833;0.833;0.833;0.8112;0.8032;0.833;0.833;0.833;0.833;0.833;0.833;0.833;0.833;0.833;0.79219997;0.7894;0.833;0.7752;0.833;0.7964;0.833;0.833;0.7718;0.8104;0.833;0.833;0.833;0.7982;0.833;0.833;0.833;0.78139997;0.833;0.8066;0.833;0.7982;0.833;0.81200004;0.833;0.833;0.7894;0.833;0.7752;0.833;0.833;0.833;0.833;0.833;0.7634;0.833;0.833;0.6996;0.833;0.7298;0.8078;0.833;0.833;0.6792;0.7752;0.833;0.8022;0.81159997;0.833;0.833;0.833;0.833;0.833;0.7752;0.7982;0.833;0.7964;0.833;0.833;0.7514;0.833;0.833;0.7174;0.833;0.833;0.833;0.833;0.833;0.833;0.7176;0.833;0.833;0.833;0.7858;0.7322;0.833;0.8078;0.833;0.7752;0.833;0.833;0.7964;0.833;0.833;0.5858;0.833;0.833;0.78139997;0.7964;0.833;0.833;0.833;0.833;0.81159997;0.7894;0.833;0.833;0.6914;0.833;0.833;0.7176;0.833;0.7858;0.833;0.79219997;0.79219997;0.833;0.833;0.833;0.7996;0.833;0.833;0.833;0.833;0.833;0.833;0.833;0.833;0.833;0.833;0.801;0.833;0.833;0.7982;0.833;0.833;0.833;0.833;0.833;0.7262;0.833;0.7946;0.833;0.7996;0.833;0.833;0.833;0.833;0.833;0.756;0.8078;0.7752;0.7858;0.833;0.833;0.7996;0.833;0.7964;0.79219997;0.80840003;0.7964;0.7858;0.7964;0.7894;0.7996;0.8032;0.8042;0.728;0.79219997;0.61800003;0.8032;0.7752;0.7894;0.7752;0.7858;0.7642;0.8032;0.8066;0.7946;0.651;0.833;0.7982;0.805;0.833;0.7996;0.7946;
0.745;0.833;0.833;0.833;0.833;0.833;0.833;0.833;0.833;0.7882;0.833;0.833;0.8014;0.7996;0.833;0.833;0.73660004;0.833;0.7952;0.833;0.783;0.7752;0.086600006;0.833;0.833;0.7068;0.7568;0.68659997;0.74300003;0.833;0.833;0.833;0.833;0.833;0.833;0.8072;0.7996;0.833;0.833;0.833;0.833;0.833;0.793;0.73660004;0.69200003;0.7774;0.833;0.833;0.833;0.833;0.833;0.833;0.833;0.833;0.833;0.79760003;0.7952;0.833;0.80799997;0.833;0.8014;0.833;0.833;0.8156;0.7734;0.833;0.833;0.745;0.8028;0.833;0.79719996;0.833;0.7882;0.745;0.71140003;0.833;0.8028;0.833;0.795;0.833;0.6768;0.7952;0.833;0.783;0.833;0.833;0.833;0.833;0.833;0.8028;0.833;0.833;0.7752;0.833;0.6804;0.7642;0.833;0.833;0.7952;0.783;0.833;0.8062;0.753;0.833;0.833;0.833;0.833;0.7848;0.783;0.833;0.7188;0.7332;0.833;0.833;0.79760003;0.833;0.833;0.5174;0.833;0.833;0.833;0.6402;0.833;0.833;0.783;0.833;0.833;0.77320004;0.79219997;0.6014;0.833;0.7642;0.6768;0.783;0.833;0.833;0.71459997;0.833;0.833;0.7752;0.833;0.768;0.7882;0.8014;0.72099996;0.833;0.7612;0.833;0.77680004;0.7952;0.833;0.7612;0.7882;0.833;0.833;0.783;0.833;0.79219997;0.7298;0.79760003;0.79760003;0.833;0.833;0.833;0.833;0.833;0.6828;0.833;0.833;0.833;0.66359997;0.7568;0.833;0.833;0.833;0.8052;0.833;0.6886;0.8028;0.833;0.833;0.833;0.833;0.833;0.728;0.833;0.7996;0.833;0.8042;0.833;0.833;0.833;0.833;0.833;0.7996;0.7284;0.783;0.79219997;0.6402;0.833;0.691;0.833;0.5574;0.7562;0.81159997;0.70739996;0.79219997;0.5458;0.7952;0.8042;0.6438;0.80799997;0.60539997;0.79760003;0.651;0.7516;0.783;0.7952;0.6752;0.79219997;0.72099996;0.8072;0.71140003;0.7996;0.6752;0.833;0.8028;0.8088;0.833;0.8042;0.7996;
0.627;0.7762;0.833;0.8034;0.8194;0.82019997;0.76919997;0.833;0.833;0.833;0.554;0.527;0.74979997;0.7876;0.8172;0.6408;0.7866;0.7174;0.8026;0.8058;0.7946;0.833;0.833;0.29540002;0.59819996;0.8058;0.7744;0.80439997;0.76199996;0.833;0.8058;0.48940003;0.8058;0.833;0.833;0.76;0.8066;0.833;0.833;0.702;0.833;0.833;0.6308;0.75380003;0.6458;0.824;0.7406;0.7576;0.702;0.833;0.6516;0.833;0.4972;0.8158;0.833;0.8058;0.8194;0.68560004;0.7532;0.7858;0.8096;0.7848;0.833;0.736;0.8182;0.7518;0.833;0.7748;0.8022;0.8098;0.6584;0.7154;0.7606;0.80120003;0.73300004;0.833;0.8092;0.833;0.6368;0.833;0.8188;0.7902;0.7626;0.833;0.7938;0.833;0.7638;0.5324;0.833;0.77320004;0.8184;0.833;0.7958;0.7248;0.7938;0.8064;0.833;0.833;0.79620004;0.833;0.833;0.8074;0.7688;0.767;0.661;0.833;0.833;0.6128;0.833;0.8056;0.6816;0.8244;0.833;0.799;0.7566;0.8184;0.833;0.833;0.833;0.8052;0.833;0.833;0.8158;0.833;0.7964;0.7154;0.73800004;0.7774;0.7978;0.8162;0.833;0.8064;0.8082;0.7866;0.8184;0.7262;0.6888;0.499;0.833;0.8016;0.833;0.7952;0.833;0.8208;0.8004;0.833;0.833;0.6186;0.81200004;0.7726;0.7878;0.82019997;0.7902;0.7702;0.781;0.833;0.833;0.78499997;0.6208;0.80480003;0.7566;0.833;0.6628;0.702;0.806;0.833;0.7668;0.76919997;0.5806;0.833;0.748;0.7852;0.8158;0.816;0.833;0.8052;0.5126;0.7636;0.7816;0.833;0.833;0.8058;0.7606;0.7938;0.7802;0.8228;0.8066;0.8248;0.8102;0.80439997;0.833;0.833;0.833;0.833;0.7666;0.76960003;0.82019997;0.8218;0.793;0.6072;0.751;0.7662;0.8218;0.7738;0.7744;0.7652;0.8014;0.80840003;0.76960003;0.7648;0.7942;0.73660004;0.7836;0.8058;0.833;0.7688;0.7866;0.8026;0.833;0.798;0.7914;0.794;0.73300004;0.8074;0.833;0.7946;0.78540003;0.7874;0.7552;0.8102;0.8066;
